Round,Timestamp,Method,LR,AvgLoss,TestAcc,BestAcc,BestRound,RoundTimeSec,RoundTimeHMS,LocalTrainTimeSec,AggTimeSec,EvalTimeSec,CumulativeTimeSec,CumulativeTimeHMS,NumClientsSelected,SelectedClients,Bandwidth,SelectedExperts,UploadDetail,ClientTrainTimesSec
1,2026-09-21 16:15:00,Ours,0.00208,1.567810292024026,9.695759065765213,9.695759065765213,1,79.3945,1:19.39,76.1832,0.1679,3.042,79.3945,1:19.39,10,"8,1,5,0,7,2,9,4,3,6",8:55;1:29;5:44;0:10;7:20;2:29;9:45;4:40;3:51;6:41,"8:[0,1,2,3,4];1:[1,2];5:[0,5,6,7];0:[0];7:[0,7];2:[2,3];9:[1,2,3,4];4:[4,5,6,7];3:[3,4,5,6,7];6:[0,1,6,7]","c8:bw=55,experts=[0,1,2,3,4]; c1:bw=29,experts=[1,2]; c5:bw=44,experts=[0,5,6,7]; c0:bw=10,experts=[0]; c7:bw=20,experts=[0,7]; c2:bw=29,experts=[2,3]; c9:bw=45,experts=[1,2,3,4]; c4:bw=40,experts=[4,5,6,7]; c3:bw=51,experts=[3,4,5,6,7]; c6:bw=41,experts=[0,1,6,7]","4.4954,13.5419,2.8000,4.9099,14.6996,10.2728,4.0361,8.5448,1.4764,11.4063"
2,2026-09-21 16:16:14,Ours,0.00406,1.315927146957835,15.938076213890596,15.938076213890596,2,73.8396,1:13.84,70.6621,0.1638,3.0124,153.4185,2:33.42,10,"0,1,8,5,3,4,7,9,6,2",0:36;1:41;8:48;5:69;3:67;4:30;7:55;9:46;6:17;2:22,"0:[1,2,3];1:[3,4,5,6];8:[0,5,6,7];5:[1,2,3,4,5,6];3:[0,1,2,3,4,5];4:[0,1,2];7:[1,2,3,4,5];9:[0,5,6,7];6:[2];2:[4,5]","c0:bw=36,experts=[1,2,3]; c1:bw=41,experts=[3,4,5,6]; c8:bw=48,experts=[0,5,6,7]; c5:bw=69,experts=[1,2,3,4,5,6]; c3:bw=67,experts=[0,1,2,3,4,5]; c4:bw=30,experts=[0,1,2]; c7:bw=55,experts=[1,2,3,4,5]; c9:bw=46,experts=[0,5,6,7]; c6:bw=17,experts=[2]; c2:bw=22,experts=[4,5]","4.8114,12.3523,2.9914,2.6038,1.4415,8.4582,14.6513,3.5089,10.4380,9.4052"
3,2026-09-21 16:17:28,Ours,0.006040000000000001,1.0151099726091843,28.66856177012907,28.66856177012907,3,73.5798,1:13.58,70.3625,0.1609,3.0551,227.011,3:47.01,10,"9,2,0,6,8,5,3,7,1,4",9:48;2:42;0:50;6:40;8:30;5:13;3:26;7:33;1:13;4:52,"9:[1,2,3,4];2:[0,1,6,7];0:[0,4,5,6,7];6:[3,4,5,6];8:[1,2,3];5:[7];3:[6,7];7:[0,6,7];1:[7];4:[3,4,5,6,7]","c9:bw=48,experts=[1,2,3,4]; c2:bw=42,experts=[0,1,6,7]; c0:bw=50,experts=[0,4,5,6,7]; c6:bw=40,experts=[3,4,5,6]; c8:bw=30,experts=[1,2,3]; c5:bw=13,experts=[7]; c3:bw=26,experts=[6,7]; c7:bw=33,experts=[0,6,7]; c1:bw=13,experts=[7]; c4:bw=52,experts=[3,4,5,6,7]","3.5275,9.2641,4.7404,10.6846,3.1304,2.6733,1.4393,14.2153,12.4306,8.2569"
4,2026-09-21 16:18:41,Ours,0.00802,0.852071537362936,55.17055931161647,55.17055931161647,4,73.0908,1:13.09,69.9117,0.1609,3.0169,300.1146,5:00.11,10,"1,7,6,2,8,0,3,4,5,9",1:40;7:45;6:53;2:60;8:31;0:59;3:34;4:56;5:73;9:22,"1:[0,1,2,3];7:[1,2,3,4];6:[0,1,2,3,7];2:[2,3,4,5,6,7];8:[4,5,6];0:[1,2,3,4,5];3:[0,1,2];4:[0,1,2,3,4];5:[0,1,2,3,4,5,6];9:[5,6]","c1:bw=40,experts=[0,1,2,3]; c7:bw=45,experts=[1,2,3,4]; c6:bw=53,experts=[0,1,2,3,7]; c2:bw=60,experts=[2,3,4,5,6,7]; c8:bw=31,experts=[4,5,6]; c0:bw=59,experts=[1,2,3,4,5]; c3:bw=34,experts=[0,1,2]; c4:bw=56,experts=[0,1,2,3,4]; c5:bw=73,experts=[0,1,2,3,4,5,6]; c9:bw=22,experts=[5,6]","12.7083,14.2227,10.5172,8.9751,2.9986,4.7505,1.4485,8.1999,2.6189,3.4721"
5,2026-09-21 16:19:55,Ours,0.01,0.77901457585226,44.56438229870928,55.17055931161647,4,74.5095,1:14.51,71.3005,0.1627,3.0452,374.6378,6:14.64,10,"1,5,4,8,0,7,6,3,2,9",1:20;5:40;4:48;8:37;0:50;7:24;6:53;3:63;2:10;9:62,"1:[4,5];5:[0,1,2,7];4:[0,5,6,7];8:[0,1,7];0:[0,1,2,6,7];7:[5,6];6:[0,4,5,6,7];3:[0,3,4,5,6,7];2:[0];9:[0,1,2,3,4,7]","c1:bw=20,experts=[4,5]; c5:bw=40,experts=[0,1,2,7]; c4:bw=48,experts=[0,5,6,7]; c8:bw=37,experts=[0,1,7]; c0:bw=50,experts=[0,1,2,6,7]; c7:bw=24,experts=[5,6]; c6:bw=53,experts=[0,4,5,6,7]; c3:bw=63,experts=[0,3,4,5,6,7]; c2:bw=10,experts=[0]; c9:bw=62,experts=[0,1,2,3,4,7]","12.5430,2.6967,8.2235,3.1487,4.7039,14.8211,11.0978,1.4980,8.9481,3.6197"
6,2026-09-21 16:21:11,Ours,0.01,0.7325688624091399,54.96696373693915,55.17055931161647,4,75.7752,1:15.78,72.5833,0.1633,3.0272,450.4267,7:30.43,10,"8,2,5,7,3,1,9,0,4,6",8:67;2:42;5:27;7:58;3:36;1:32;9:48;0:31;4:17;6:20,"8:[2,3,4,5,6,7];2:[1,2,3,4];5:[3,4];7:[0,1,2,3,7];3:[1,2,3];1:[0,6,7];9:[0,5,6,7];0:[3,4,5];4:[1];6:[1,2]","c8:bw=67,experts=[2,3,4,5,6,7]; c2:bw=42,experts=[1,2,3,4]; c5:bw=27,experts=[3,4]; c7:bw=58,experts=[0,1,2,3,7]; c3:bw=36,experts=[1,2,3]; c1:bw=32,experts=[0,6,7]; c9:bw=48,experts=[0,5,6,7]; c0:bw=31,experts=[3,4,5]; c4:bw=17,experts=[1]; c6:bw=20,experts=[1,2]","3.1245,9.5001,2.7694,15.1049,1.4572,12.8226,3.4998,4.7130,8.3928,11.1989"
7,2026-09-21 16:22:26,Ours,0.01,0.7546903484443577,46.200829748002455,55.17055931161647,4,74.4918,1:14.49,71.3067,0.1622,3.0216,524.9333,8:44.93,10,"0,5,2,6,3,7,4,1,8,9",0:36;5:49;2:40;6:13;3:26;7:31;4:14;1:10;8:57;9:10,"0:[0,6,7];5:[0,5,6,7];2:[0,5,6,7];6:[3];3:[4,5];7:[4,5,6];4:[2];1:[1];8:[0,1,2,3,4];9:[1]","c0:bw=36,experts=[0,6,7]; c5:bw=49,experts=[0,5,6,7]; c2:bw=40,experts=[0,5,6,7]; c6:bw=13,experts=[3]; c3:bw=26,experts=[4,5]; c7:bw=31,experts=[4,5,6]; c4:bw=14,experts=[2]; c1:bw=10,experts=[1]; c8:bw=57,experts=[0,1,2,3,4]; c9:bw=10,experts=[1]","4.8007,2.6202,9.3606,10.8307,1.4705,14.2661,8.3907,12.8804,3.1096,3.5772"
8,2026-09-21 16:23:41,Ours,0.01,0.7243694180594493,60.8520282728949,60.8520282728949,8,75.2376,1:15.24,71.9564,0.1634,3.1166,600.1854,10:00.19,10,"4,8,1,3,0,5,2,9,7,6",4:10;8:37;1:58;3:37;0:32;5:28;2:54;9:59;7:15;6:41,"4:[3];8:[5,6,7];1:[2,3,4,5,6];3:[0,6,7];0:[1,2,3];5:[1,2];2:[1,2,3,4,5];9:[2,3,4,5,6];7:[7];6:[4,5,6,7]","c4:bw=10,experts=[3]; c8:bw=37,experts=[5,6,7]; c1:bw=58,experts=[2,3,4,5,6]; c3:bw=37,experts=[0,6,7]; c0:bw=32,experts=[1,2,3]; c5:bw=28,experts=[1,2]; c2:bw=54,experts=[1,2,3,4,5]; c9:bw=59,experts=[2,3,4,5,6]; c7:bw=15,experts=[7]; c6:bw=41,experts=[4,5,6,7]","8.2387,3.0235,12.5499,1.4215,4.9244,2.6546,9.5072,3.6590,14.6769,11.3008"
9,2026-09-21 16:24:57,Ours,0.01,0.7216550279021816,81.3421942224954,81.3421942224954,9,75.7976,1:15.80,72.456,0.164,3.1763,675.9986,11:16.00,10,"2,0,4,9,8,6,7,5,1,3",2:21;0:52;4:59;9:26;8:18;6:31;7:46;5:52;1:14;3:23,"2:[6,7];0:[0,4,5,6,7];4:[0,4,5,6,7];9:[0,7];8:[0];6:[0,1,2];7:[0,1,2,3];5:[3,4,5,6,7];1:[7];3:[1,2]","c2:bw=21,experts=[6,7]; c0:bw=52,experts=[0,4,5,6,7]; c4:bw=59,experts=[0,4,5,6,7]; c9:bw=26,experts=[0,7]; c8:bw=18,experts=[0]; c6:bw=31,experts=[0,1,2]; c7:bw=46,experts=[0,1,2,3]; c5:bw=52,experts=[3,4,5,6,7]; c1:bw=14,experts=[7]; c3:bw=23,experts=[1,2]","9.6224,4.9588,8.7248,3.7157,3.1555,10.9821,14.4314,2.7125,12.6826,1.4701"
10,2026-09-21 16:26:15,Ours,0.01,0.6777768576426048,71.3237553779963,81.3421942224954,9,78.0604,1:18.06,74.5508,0.1711,3.3371,754.0752,12:34.08,10,"4,2,7,0,6,3,5,8,9,1",4:37;2:34;7:37;0:59;6:65;3:46;5:58;8:35;9:35;1:41,"4:[1,2,3];2:[0,1,2];7:[4,5,6];0:[1,2,3,4,5];6:[0,3,4,5,6,7];3:[3,4,5,6];5:[0,1,2,3,4];8:[1,2,3];9:[1,2,3];1:[0,1,2,3]","c4:bw=37,experts=[1,2,3]; c2:bw=34,experts=[0,1,2]; c7:bw=37,experts=[4,5,6]; c0:bw=59,experts=[1,2,3,4,5]; c6:bw=65,experts=[0,3,4,5,6,7]; c3:bw=46,experts=[3,4,5,6]; c5:bw=58,experts=[0,1,2,3,4]; c8:bw=35,experts=[1,2,3]; c9:bw=35,experts=[1,2,3]; c1:bw=41,experts=[0,1,2,3]","8.7420,9.6218,14.4321,4.9788,11.1430,1.5037,2.9021,3.3321,3.9560,13.9393"
11,2026-09-21 16:27:37,Ours,0.01,0.6973273599969232,78.13076213890596,81.3421942224954,9,81.6847,1:21.68,77.8899,0.1622,3.6313,835.7769,13:55.78,10,"5,2,7,3,0,8,9,6,1,4",5:28;2:27;7:44;3:50;0:28;8:39;9:33;6:55;1:40;4:16,"5:[5,6];2:[3,4];7:[0,1,2,7];3:[0,1,2,3,7];0:[6,7];8:[4,5,6];9:[4,5,6];6:[1,2,3,4,5];1:[4,5,6,7];4:[4]","c5:bw=28,experts=[5,6]; c2:bw=27,experts=[3,4]; c7:bw=44,experts=[0,1,2,7]; c3:bw=50,experts=[0,1,2,3,7]; c0:bw=28,experts=[6,7]; c8:bw=39,experts=[4,5,6]; c9:bw=33,experts=[4,5,6]; c6:bw=55,experts=[1,2,3,4,5]; c1:bw=40,experts=[4,5,6,7]; c4:bw=16,experts=[4]","2.7699,9.3707,16.0209,1.8725,5.3643,3.2036,4.4094,11.8285,14.0038,9.0463"
12,2026-09-21 16:28:56,Ours,0.01,0.6800819345549616,56.24615857406269,81.3421942224954,9,79.6709,1:19.67,76.4538,0.1641,3.0517,915.4674,15:15.47,10,"1,5,2,4,3,7,9,6,8,0",1:42;5:56;2:57;4:28;3:35;7:30;9:42;6:29;8:55;0:49,"1:[0,1,2,3];5:[0,1,2,3,7];2:[0,1,5,6,7];4:[5,6];3:[4,5,6];7:[3,4,5];9:[0,1,2,7];6:[6,7];8:[0,1,2,3,7];0:[0,1,2,3]","c1:bw=42,experts=[0,1,2,3]; c5:bw=56,experts=[0,1,2,3,7]; c2:bw=57,experts=[0,1,5,6,7]; c4:bw=28,experts=[5,6]; c3:bw=35,experts=[4,5,6]; c7:bw=30,experts=[3,4,5]; c9:bw=42,experts=[0,1,2,7]; c6:bw=29,experts=[6,7]; c8:bw=55,experts=[0,1,2,3,7]; c0:bw=49,experts=[0,1,2,3]","14.4454,3.0323,10.1577,8.9243,1.6340,15.6419,3.7442,10.9014,3.1655,4.8072"
13,2026-09-21 16:30:15,Ours,0.01,0.7127180616150358,58.170712968653966,81.3421942224954,9,79.1672,1:19.17,75.9183,0.1667,3.0809,994.6503,16:34.65,10,"3,1,4,5,8,6,9,7,0,2",3:30;1:47;4:10;5:29;8:15;6:36;9:15;7:58;0:25;2:16,"3:[0,1,7];1:[4,5,6,7];4:[7];5:[4,5];8:[4];6:[0,1,2];9:[3];7:[0,1,2,6,7];0:[4,5];2:[2]","c3:bw=30,experts=[0,1,7]; c1:bw=47,experts=[4,5,6,7]; c4:bw=10,experts=[7]; c5:bw=29,experts=[4,5]; c8:bw=15,experts=[4]; c6:bw=36,experts=[0,1,2]; c9:bw=15,experts=[3]; c7:bw=58,experts=[0,1,2,6,7]; c0:bw=25,experts=[4,5]; c2:bw=16,experts=[2]","1.4675,12.8295,8.4512,2.7072,3.0699,11.1387,4.2886,15.9448,5.8853,10.1355"
14,2026-09-21 16:31:28,Ours,0.01,0.6882171887331981,82.09895513214505,82.09895513214505,14,72.6657,1:12.67,69.4876,0.1624,3.0145,1067.3308,17:47.33,10,"2,4,5,1,7,0,9,3,8,6",2:45;4:10;5:64;1:38;7:25;0:25;9:32;3:45;8:21;6:67,"2:[3,4,5,6];4:[0];5:[0,1,2,3,6,7];1:[0,1,2];7:[3,4];0:[6,7];9:[4,5,6];3:[2,3,4,5];8:[5,6];6:[0,3,4,5,6,7]","c2:bw=45,experts=[3,4,5,6]; c4:bw=10,experts=[0]; c5:bw=64,experts=[0,1,2,3,6,7]; c1:bw=38,experts=[0,1,2]; c7:bw=25,experts=[3,4]; c0:bw=25,experts=[6,7]; c9:bw=32,experts=[4,5,6]; c3:bw=45,experts=[2,3,4,5]; c8:bw=21,experts=[5,6]; c6:bw=67,experts=[0,3,4,5,6,7]","8.8751,8.0726,2.6263,12.6952,14.0384,4.6301,3.4544,1.4210,3.0671,10.6074"
15,2026-09-21 16:32:40,Ours,0.01,0.6740872322013481,79.24477566072527,82.09895513214505,14,72.1024,1:12.10,68.9682,0.1587,2.9742,1139.4497,18:59.45,10,"7,0,1,8,3,2,4,5,9,6",7:59;0:20;1:14;8:52;3:10;2:53;4:47;5:18;9:19;6:33,"7:[0,1,5,6,7];0:[0,1];1:[3];8:[0,1,2,3,7];3:[6];2:[0,1,2,3,7];4:[1,2,3,4];5:[4];9:[7];6:[1,2,3]","c7:bw=59,experts=[0,1,5,6,7]; c0:bw=20,experts=[0,1]; c1:bw=14,experts=[3]; c8:bw=52,experts=[0,1,2,3,7]; c3:bw=10,experts=[6]; c2:bw=53,experts=[0,1,2,3,7]; c4:bw=47,experts=[1,2,3,4]; c5:bw=18,experts=[4]; c9:bw=19,experts=[7]; c6:bw=33,experts=[1,2,3]","14.2669,4.6142,12.3858,3.0533,1.4119,8.7540,8.1296,2.6232,3.4085,10.3208"
16,2026-09-21 16:33:52,Ours,0.01,0.6498194790832885,77.32022126613398,82.09895513214505,14,71.547,1:11.55,68.3385,0.1591,3.0481,1211.0128,20:11.01,10,"6,1,3,8,7,5,4,9,0,2",6:40;1:29;3:43;8:49;7:22;5:40;4:35;9:24;0:57;2:52,"6:[4,5,6,7];1:[4,5];3:[0,1,2,7];8:[4,5,6,7];7:[2,3];5:[0,5,6,7];4:[5,6,7];9:[0,1];0:[2,3,4,5,6];2:[0,4,5,6,7]","c6:bw=40,experts=[4,5,6,7]; c1:bw=29,experts=[4,5]; c3:bw=43,experts=[0,1,2,7]; c8:bw=49,experts=[4,5,6,7]; c7:bw=22,experts=[2,3]; c5:bw=40,experts=[0,5,6,7]; c4:bw=35,experts=[5,6,7]; c9:bw=24,experts=[0,1]; c0:bw=57,experts=[2,3,4,5,6]; c2:bw=52,experts=[0,4,5,6,7]","10.3369,12.3668,1.4098,3.0309,13.6511,2.6121,8.1316,3.4180,4.6356,8.7456"
17,2026-09-21 16:35:04,Ours,0.01,0.6553147701240983,84.70344191763982,84.70344191763982,17,72.4311,1:12.43,69.2676,0.1569,3.0054,1283.4598,21:23.46,10,"4,7,8,3,5,1,0,2,9,6",4:58;7:25;8:10;3:52;5:10;1:29;0:11;2:19;9:37;6:39,"4:[0,1,2,3,4];7:[4,5];8:[0];3:[3,4,5,6,7];5:[1];1:[6,7];0:[7];2:[1];9:[2,3,4];6:[0,1,2]","c4:bw=58,experts=[0,1,2,3,4]; c7:bw=25,experts=[4,5]; c8:bw=10,experts=[0]; c3:bw=52,experts=[3,4,5,6,7]; c5:bw=10,experts=[1]; c1:bw=29,experts=[6,7]; c0:bw=11,experts=[7]; c2:bw=19,experts=[1]; c9:bw=37,experts=[2,3,4]; c6:bw=39,experts=[0,1,2]","8.1088,14.6667,3.0585,1.4122,2.5937,12.4500,4.5789,8.7556,3.4126,10.2305"
18,2026-09-21 16:36:18,Ours,0.01,0.6421730829701456,76.52888752304855,84.70344191763982,17,73.5582,1:13.56,70.3283,0.1663,3.0624,1357.0346,22:37.03,10,"1,8,5,2,9,7,4,3,0,6",1:10;8:10;5:35;2:37;9:19;7:55;4:56;3:37;0:49;6:31,"1:[0];8:[1];5:[2,3,4];2:[2,3,4];9:[5];7:[0,1,2,6,7];4:[0,1,5,6,7];3:[0,1,2];0:[0,1,2,3];6:[3,4,5]","c1:bw=10,experts=[0]; c8:bw=10,experts=[1]; c5:bw=35,experts=[2,3,4]; c2:bw=37,experts=[2,3,4]; c9:bw=19,experts=[5]; c7:bw=55,experts=[0,1,2,6,7]; c4:bw=56,experts=[0,1,5,6,7]; c3:bw=37,experts=[0,1,2]; c0:bw=49,experts=[0,1,2,3]; c6:bw=31,experts=[3,4,5]","12.5869,3.0550,2.6478,9.0120,3.5127,14.2380,8.3132,1.4892,4.7841,10.6895"
19,2026-09-21 16:37:31,Ours,0.01,0.6326226766116052,90.07759680393362,90.07759680393362,19,73.6687,1:13.67,70.3924,0.1677,3.1073,1430.7205,23:50.72,10,"8,0,4,1,9,5,7,2,6,3",8:56;0:42;4:51;1:46;9:38;5:29;7:22;2:14;6:66;3:40,"8:[2,3,4,5,6];0:[4,5,6,7];4:[2,3,4,5,6];1:[1,2,3,4];9:[0,6,7];5:[5,6];7:[3,4];2:[5];6:[0,1,2,3,6,7];3:[3,4,5,6]","c8:bw=56,experts=[2,3,4,5,6]; c0:bw=42,experts=[4,5,6,7]; c4:bw=51,experts=[2,3,4,5,6]; c1:bw=46,experts=[1,2,3,4]; c9:bw=38,experts=[0,6,7]; c5:bw=29,experts=[5,6]; c7:bw=22,experts=[3,4]; c2:bw=14,experts=[5]; c6:bw=66,experts=[0,1,2,3,6,7]; c3:bw=40,experts=[3,4,5,6]","3.1459,4.7532,8.2872,12.6206,3.5470,2.6412,14.2083,9.0021,10.7257,1.4613"
20,2026-09-21 16:38:45,Ours,0.01,0.6289295927750593,82.56376767055932,90.07759680393362,19,73.7361,1:13.74,70.4454,0.1632,3.1261,1504.4739,25:04.47,10,"0,2,1,9,7,6,3,5,4,8",0:28;2:41;1:40;9:17;7:43;6:68;3:18;5:10;4:59;8:50,"0:[0,1];2:[0,1,6,7];1:[0,5,6,7];9:[1];7:[0,5,6,7];6:[0,1,4,5,6,7];3:[7];5:[7];4:[0,1,2,3,7];8:[0,1,2,3,7]","c0:bw=28,experts=[0,1]; c2:bw=41,experts=[0,1,6,7]; c1:bw=40,experts=[0,5,6,7]; c9:bw=17,experts=[1]; c7:bw=43,experts=[0,5,6,7]; c6:bw=68,experts=[0,1,4,5,6,7]; c3:bw=18,experts=[7]; c5:bw=10,experts=[7]; c4:bw=59,experts=[0,1,2,3,7]; c8:bw=50,experts=[0,1,2,3,7]","4.8592,9.1956,12.6109,3.5129,14.2930,10.6199,1.4322,2.6791,8.1932,3.0493"
21,2026-09-21 16:39:59,Ours,0.01,0.6251098017471374,88.10310387215735,90.07759680393362,19,73.9105,1:13.91,70.6592,0.1646,3.0854,1578.402,26:18.40,10,"1,2,7,4,8,5,0,3,6,9",1:41;2:39;7:12;4:48;8:18;5:32;0:66;3:10;6:16;9:25,"1:[1,2,3,4];2:[2,3,4];7:[1];4:[4,5,6,7];8:[4];5:[0,1,2];0:[2,3,4,5,6,7];3:[0];6:[2];9:[2,3]","c1:bw=41,experts=[1,2,3,4]; c2:bw=39,experts=[2,3,4]; c7:bw=12,experts=[1]; c4:bw=48,experts=[4,5,6,7]; c8:bw=18,experts=[4]; c5:bw=32,experts=[0,1,2]; c0:bw=66,experts=[2,3,4,5,6,7]; c3:bw=10,experts=[0]; c6:bw=16,experts=[2]; c9:bw=25,experts=[2,3]","12.7764,9.1395,14.3325,8.3665,3.1094,2.6390,4.7343,1.4277,10.5908,3.5431"
22,2026-09-21 16:41:14,Ours,0.01,0.6205127219015811,92.42086662569146,92.42086662569146,22,75.1557,1:15.16,71.9066,0.1684,3.0794,1653.5752,27:33.58,10,"7,9,1,6,5,2,0,4,3,8",7:16;9:33;1:10;6:61;5:17;2:66;0:67;4:36;3:56;8:33,"7:[2];9:[4,5,6];1:[5];6:[0,3,4,5,6,7];5:[3];2:[0,1,2,5,6,7];0:[0,1,2,3,4,5];4:[0,1,2];3:[1,2,3,4,5];8:[5,6,7]","c7:bw=16,experts=[2]; c9:bw=33,experts=[4,5,6]; c1:bw=10,experts=[5]; c6:bw=61,experts=[0,3,4,5,6,7]; c5:bw=17,experts=[3]; c2:bw=66,experts=[0,1,2,5,6,7]; c0:bw=67,experts=[0,1,2,3,4,5]; c4:bw=36,experts=[0,1,2]; c3:bw=56,experts=[1,2,3,4,5]; c8:bw=33,experts=[5,6,7]","14.2638,3.5439,12.7489,11.3863,2.8010,9.5857,4.8074,8.2746,1.4534,3.0416"
23,2026-09-21 16:42:28,Ours,0.01,0.6209891584114857,86.72019053472648,92.42086662569146,22,73.4997,1:13.50,70.2616,0.1655,3.0713,1727.0938,28:47.09,10,"5,7,4,6,9,8,3,1,2,0",5:52;7:15;4:56;6:10;9:50;8:35;3:15;1:62;2:32;0:11,"5:[0,4,5,6,7];7:[3];4:[3,4,5,6,7];6:[1];9:[0,1,2,3,7];8:[0,1,2];3:[6];1:[0,1,2,3,6,7];2:[3,4,5];0:[6]","c5:bw=52,experts=[0,4,5,6,7]; c7:bw=15,experts=[3]; c4:bw=56,experts=[3,4,5,6,7]; c6:bw=10,experts=[1]; c9:bw=50,experts=[0,1,2,3,7]; c8:bw=35,experts=[0,1,2]; c3:bw=15,experts=[6]; c1:bw=62,experts=[0,1,2,3,6,7]; c2:bw=32,experts=[3,4,5]; c0:bw=11,experts=[6]","2.6671,14.3718,8.2572,10.5257,3.5480,3.0478,1.4622,12.4899,9.1136,4.7783"
24,2026-09-21 16:43:42,Ours,0.01,0.6128348073959204,90.25430239704978,92.42086662569146,22,73.8006,1:13.80,70.6336,0.1468,3.0189,1800.9133,30:00.91,10,"6,4,7,9,2,1,5,8,3,0",6:30;4:12;7:10;9:50;2:43;1:10;5:25;8:18;3:10;0:31,"6:[2,3,4];4:[0];7:[4];9:[0,4,5,6,7];2:[0,1,6,7];1:[4];5:[1,2];8:[3];3:[7];0:[0,1,7]","c6:bw=30,experts=[2,3,4]; c4:bw=12,experts=[0]; c7:bw=10,experts=[4]; c9:bw=50,experts=[0,4,5,6,7]; c2:bw=43,experts=[0,1,6,7]; c1:bw=10,experts=[4]; c5:bw=25,experts=[1,2]; c8:bw=18,experts=[3]; c3:bw=10,experts=[7]; c0:bw=31,experts=[0,1,7]","10.8228,8.3342,14.4963,3.5305,9.0544,12.4889,2.6533,3.0044,1.5033,4.7454"
25,2026-09-21 16:44:56,Ours,0.01,0.611023627330866,91.21465888137676,92.42086662569146,22,73.8388,1:13.84,70.5681,0.1698,3.0997,1874.7717,31:14.77,10,"9,6,4,3,5,1,8,2,0,7",9:40;6:16;4:58;3:14;5:64;1:49;8:55;2:12;0:56;7:40,"9:[1,2,3,4];6:[5];4:[1,2,3,4,5];3:[0];5:[0,3,4,5,6,7];1:[0,5,6,7];8:[0,4,5,6,7];2:[2];0:[2,3,4,5,6];7:[0,5,6,7]","c9:bw=40,experts=[1,2,3,4]; c6:bw=16,experts=[5]; c4:bw=58,experts=[1,2,3,4,5]; c3:bw=14,experts=[0]; c5:bw=64,experts=[0,3,4,5,6,7]; c1:bw=49,experts=[0,5,6,7]; c8:bw=55,experts=[0,4,5,6,7]; c2:bw=12,experts=[2]; c0:bw=56,experts=[2,3,4,5,6]; c7:bw=40,experts=[0,5,6,7]","3.5959,10.5824,8.3838,1.4289,2.6193,12.4903,3.1007,9.1961,4.8213,14.3493"
26,2026-09-21 16:46:09,Ours,0.01,0.6095964867499294,93.91518131530424,93.91518131530424,26,73.803,1:13.80,70.6114,0.166,3.0243,1948.5929,32:28.59,10,"3,6,9,7,1,5,2,8,0,4",3:44;6:34;9:50;7:31;1:33;5:20;2:30;8:53;0:11;4:48,"3:[1,2,3,4];6:[0,6,7];9:[0,1,5,6,7];7:[1,2,3];1:[1,2,3];5:[1,2];2:[3,4,5];8:[1,2,3,4,5];0:[7];4:[0,1,6,7]","c3:bw=44,experts=[1,2,3,4]; c6:bw=34,experts=[0,6,7]; c9:bw=50,experts=[0,1,5,6,7]; c7:bw=31,experts=[1,2,3]; c1:bw=33,experts=[1,2,3]; c5:bw=20,experts=[1,2]; c2:bw=30,experts=[3,4,5]; c8:bw=53,experts=[1,2,3,4,5]; c0:bw=11,experts=[7]; c4:bw=48,experts=[0,1,6,7]","1.4851,10.7725,3.5526,14.2717,12.6150,2.6583,9.0492,3.0702,4.7832,8.3536"
27,2026-09-21 16:47:25,Ours,0.01,0.6094313314854094,93.26213890596189,93.91518131530424,26,75.1999,1:15.20,71.9795,0.1636,3.0555,2023.8127,33:43.81,10,"7,1,4,0,9,2,8,3,6,5",7:51;1:62;4:12;0:36;9:18;2:20;8:55;3:21;6:63;5:37,"7:[0,4,5,6,7];1:[0,1,4,5,6,7];4:[2];0:[0,1,2];9:[2];2:[6,7];8:[0,1,2,6,7];3:[5,6];6:[1,2,3,4,5,6];5:[3,4,5]","c7:bw=51,experts=[0,4,5,6,7]; c1:bw=62,experts=[0,1,4,5,6,7]; c4:bw=12,experts=[2]; c0:bw=36,experts=[0,1,2]; c9:bw=18,experts=[2]; c2:bw=20,experts=[6,7]; c8:bw=55,experts=[0,1,2,6,7]; c3:bw=21,experts=[5,6]; c6:bw=63,experts=[1,2,3,4,5,6]; c5:bw=37,experts=[3,4,5]","15.1734,13.5558,8.3474,4.7710,3.5187,8.9916,3.0303,1.4384,10.5407,2.6121"
28,2026-09-21 16:48:38,Ours,0.01,0.6042744041500413,76.19468346650277,93.91518131530424,26,73.7705,1:13.77,70.5535,0.1628,3.0529,2097.6022,34:57.60,10,"6,9,0,8,2,5,1,3,4,7",6:29;9:49;0:47;8:29;2:10;5:33;1:25;3:12;4:10;7:10,"6:[0,7];9:[3,4,5,6];0:[3,4,5,6];8:[3,4];2:[0];5:[0,6,7];1:[2,3];3:[7];4:[3];7:[1]","c6:bw=29,experts=[0,7]; c9:bw=49,experts=[3,4,5,6]; c0:bw=47,experts=[3,4,5,6]; c8:bw=29,experts=[3,4]; c2:bw=10,experts=[0]; c5:bw=33,experts=[0,6,7]; c1:bw=25,experts=[2,3]; c3:bw=12,experts=[7]; c4:bw=10,experts=[3]; c7:bw=10,experts=[1]","10.6944,3.5586,4.8371,3.0585,9.1087,2.6654,12.5934,1.4483,8.3098,14.2792"
29,2026-09-21 16:49:54,Ours,0.01,0.6105900778299498,91.35295021511985,93.91518131530424,26,75.3234,1:15.32,72.017,0.1664,3.1388,2172.946,36:12.95,10,"4,0,1,9,6,8,7,3,2,5",4:38;0:44;1:33;9:44;6:43;8:34;7:21;3:32;2:18;5:33,"4:[4,5,6];0:[0,1,2,7];1:[4,5,6];9:[0,1,2,7];6:[1,2,3,4];8:[5,6,7];7:[2,3];3:[0,1,2];2:[1];5:[1,2,3]","c4:bw=38,experts=[4,5,6]; c0:bw=44,experts=[0,1,2,7]; c1:bw=33,experts=[4,5,6]; c9:bw=44,experts=[0,1,2,7]; c6:bw=43,experts=[1,2,3,4]; c8:bw=34,experts=[5,6,7]; c7:bw=21,experts=[2,3]; c3:bw=32,experts=[0,1,2]; c2:bw=18,experts=[1]; c5:bw=33,experts=[1,2,3]","8.8846,4.8111,13.1366,3.6833,10.8936,3.1194,14.2369,1.4686,9.1299,2.6530"
30,2026-09-21 16:51:08,Ours,0.01,0.6017646635236589,84.76874615857406,93.91518131530424,26,73.9269,1:13.93,70.6595,0.168,3.0981,2246.8927,37:26.89,10,"5,1,9,4,0,8,6,7,3,2",5:62;1:35;9:54;4:51;0:17;8:41;6:11;7:12;3:59;2:27,"5:[0,1,4,5,6,7];1:[0,1,7];9:[3,4,5,6,7];4:[0,1,2,3,7];0:[3];8:[0,1,2,3];6:[5];7:[4];3:[3,4,5,6,7];2:[2,3]","c5:bw=62,experts=[0,1,4,5,6,7]; c1:bw=35,experts=[0,1,7]; c9:bw=54,experts=[3,4,5,6,7]; c4:bw=51,experts=[0,1,2,3,7]; c0:bw=17,experts=[3]; c8:bw=41,experts=[0,1,2,3]; c6:bw=11,experts=[5]; c7:bw=12,experts=[4]; c3:bw=59,experts=[3,4,5,6,7]; c2:bw=27,experts=[2,3]","2.6663,13.0763,3.5220,8.2001,4.7274,3.1032,10.5398,14.1929,1.4686,9.1629"
31,2026-09-21 16:52:23,Ours,0.01,0.6047255821806219,91.39904732636755,93.91518131530424,26,75.6942,1:15.69,72.1964,0.1627,3.3338,2322.6079,38:42.61,10,"6,4,9,1,5,8,3,2,0,7",6:29;4:19;9:45;1:30;5:62;8:33;3:24;2:15;0:47;7:63,"6:[6,7];4:[4];9:[0,1,2,3];1:[2,3,4];5:[2,3,4,5,6,7];8:[4,5,6];3:[0,1];2:[4];0:[4,5,6,7];7:[0,1,2,5,6,7]","c6:bw=29,experts=[6,7]; c4:bw=19,experts=[4]; c9:bw=45,experts=[0,1,2,3]; c1:bw=30,experts=[2,3,4]; c5:bw=62,experts=[2,3,4,5,6,7]; c8:bw=33,experts=[4,5,6]; c3:bw=24,experts=[0,1]; c2:bw=15,experts=[4]; c0:bw=47,experts=[4,5,6,7]; c7:bw=63,experts=[0,1,2,5,6,7]","10.7704,8.3310,3.5801,13.1165,2.6856,3.1754,1.4770,9.1665,5.0522,14.8416"
32,2026-09-21 16:53:52,Ours,0.01,0.6007005426675586,79.24861708666256,93.91518131530424,26,88.5019,1:28.50,84.4894,0.1954,3.8157,2411.1317,40:11.13,10,"8,5,4,7,0,1,3,6,2,9",8:21;5:36;4:49;7:47;0:46;1:21;3:28;6:27;2:54;9:31,"8:[0,7];5:[0,1,2];4:[0,5,6,7];7:[3,4,5,6];0:[0,1,2,3];1:[5,6];3:[2,3];6:[0,1];2:[0,1,5,6,7];9:[4,5,6]","c8:bw=21,experts=[0,7]; c5:bw=36,experts=[0,1,2]; c4:bw=49,experts=[0,5,6,7]; c7:bw=47,experts=[3,4,5,6]; c0:bw=46,experts=[0,1,2,3]; c1:bw=21,experts=[5,6]; c3:bw=28,experts=[2,3]; c6:bw=27,experts=[0,1]; c2:bw=54,experts=[0,1,5,6,7]; c9:bw=31,experts=[4,5,6]","3.1972,2.7291,9.2918,17.9754,5.9452,15.4219,1.7903,13.0934,10.6895,4.3556"
33,2026-09-21 16:55:22,Ours,0.01,0.6040985490934065,84.26936078672404,93.91518131530424,26,90.17,1:30.17,86.1008,0.1992,3.8683,2501.3283,41:41.33,10,"7,1,3,6,5,9,2,8,4,0",7:52;1:34;3:70;6:37;5:29;9:42;2:24;8:50;4:45;0:62,"7:[0,1,2,3,7];1:[0,1,7];3:[0,1,2,4,5,6,7];6:[2,3,4];5:[3,4];9:[0,1,2,7];2:[2,3];8:[1,2,3,4,5];4:[1,2,3,4];0:[0,1,4,5,6,7]","c7:bw=52,experts=[0,1,2,3,7]; c1:bw=34,experts=[0,1,7]; c3:bw=70,experts=[0,1,2,4,5,6,7]; c6:bw=37,experts=[2,3,4]; c5:bw=29,experts=[3,4]; c9:bw=42,experts=[0,1,2,7]; c2:bw=24,experts=[2,3]; c8:bw=50,experts=[1,2,3,4,5]; c4:bw=45,experts=[1,2,3,4]; c0:bw=62,experts=[0,1,4,5,6,7]","17.3646,15.9720,1.8245,12.6444,3.2793,4.4056,11.2583,3.4087,10.1523,5.7910"
34,2026-09-21 16:56:52,Ours,0.01,0.5979771705873669,93.53872157344806,93.91518131530424,26,90.3218,1:30.32,86.3517,0.203,3.7649,2591.6762,43:11.68,10,"4,1,6,9,8,0,5,7,3,2",4:46;1:46;6:48;9:68;8:42;0:22;5:60;7:32;3:72;2:54,"4:[0,5,6,7];1:[2,3,4,5];6:[0,5,6,7];9:[0,3,4,5,6,7];8:[0,1,6,7];0:[2,3];5:[0,1,2,5,6,7];7:[4,5,6];3:[0,1,3,4,5,6,7];2:[0,4,5,6,7]","c4:bw=46,experts=[0,5,6,7]; c1:bw=46,experts=[2,3,4,5]; c6:bw=48,experts=[0,5,6,7]; c9:bw=68,experts=[0,3,4,5,6,7]; c8:bw=42,experts=[0,1,6,7]; c0:bw=22,experts=[2,3]; c5:bw=60,experts=[0,1,2,5,6,7]; c7:bw=32,experts=[4,5,6]; c3:bw=72,experts=[0,1,3,4,5,6,7]; c2:bw=54,experts=[0,4,5,6,7]","10.3898,15.6455,13.2697,4.4064,3.8477,5.2536,3.3491,17.5977,1.8005,10.7918"
35,2026-09-21 16:58:22,Ours,0.01,0.592947122084512,95.22894898586355,95.22894898586355,35,89.8862,1:29.89,86.3949,0.1805,3.3094,2681.5896,44:41.59,10,"4,0,1,6,2,8,9,7,5,3",4:33;0:20;1:31;6:44;2:46;8:50;9:27;7:48;5:41;3:24,"4:[1,2,3];0:[4,5];1:[0,6,7];6:[1,2,3,4];2:[1,2,3,4];8:[2,3,4,5,6];9:[1,2];7:[0,1,2,7];5:[3,4,5,6];3:[2,3]","c4:bw=33,experts=[1,2,3]; c0:bw=20,experts=[4,5]; c1:bw=31,experts=[0,6,7]; c6:bw=44,experts=[1,2,3,4]; c2:bw=46,experts=[1,2,3,4]; c8:bw=50,experts=[2,3,4,5,6]; c9:bw=27,experts=[1,2]; c7:bw=48,experts=[0,1,2,7]; c5:bw=41,experts=[3,4,5,6]; c3:bw=24,experts=[2,3]","10.4751,5.8080,15.3542,13.1120,10.8954,3.6706,4.3387,17.7045,3.3065,1.7299"
36,2026-09-21 16:59:52,Ours,0.01,0.5936001012471014,94.20712968653964,95.22894898586355,35,89.6924,1:29.69,85.7471,0.1811,3.7626,2771.3061,46:11.31,10,"9,0,3,7,6,5,1,4,8,2",9:37;0:36;3:60;7:27;6:43;5:49;1:10;4:74;8:51;2:50,"9:[3,4,5];0:[0,6,7];3:[0,1,4,5,6,7];7:[3,4];6:[0,5,6,7];5:[0,1,2,7];1:[1];4:[0,1,2,4,5,6,7];8:[0,1,2,3,7];2:[0,1,5,6,7]","c9:bw=37,experts=[3,4,5]; c0:bw=36,experts=[0,6,7]; c3:bw=60,experts=[0,1,4,5,6,7]; c7:bw=27,experts=[3,4]; c6:bw=43,experts=[0,5,6,7]; c5:bw=49,experts=[0,1,2,7]; c1:bw=10,experts=[1]; c4:bw=74,experts=[0,1,2,4,5,6,7]; c8:bw=51,experts=[0,1,2,3,7]; c2:bw=50,experts=[0,1,5,6,7]","4.4687,5.9535,1.8413,17.0446,13.2410,3.2740,14.9415,10.3786,3.7775,10.8264"
37,2026-09-21 17:01:23,Ours,0.01,0.5891923017603908,95.38260602335588,95.38260602335588,37,90.7874,1:30.79,86.7345,0.2109,3.8404,2862.1225,47:42.12,10,"1,5,2,6,4,7,9,0,3,8",1:18;5:39;2:36;6:65;4:39;7:42;9:40;0:54;3:36;8:10,"1:[2];5:[3,4,5];2:[2,3,4];6:[1,2,3,4,5,6];4:[3,4,5];7:[0,5,6,7];9:[0,1,6,7];0:[1,2,3,4,5];3:[2,3,4];8:[4]","c1:bw=18,experts=[2]; c5:bw=39,experts=[3,4,5]; c2:bw=36,experts=[2,3,4]; c6:bw=65,experts=[1,2,3,4,5,6]; c4:bw=39,experts=[3,4,5]; c7:bw=42,experts=[0,5,6,7]; c9:bw=40,experts=[0,1,6,7]; c0:bw=54,experts=[1,2,3,4,5]; c3:bw=36,experts=[2,3,4]; c8:bw=10,experts=[4]","15.8090,3.3075,10.8045,13.1152,10.3199,17.1514,4.4702,5.9931,1.9378,3.8259"
38,2026-09-21 17:02:52,Ours,0.01,0.5902386684995251,94.54517516902274,95.38260602335588,37,89.5937,1:29.59,85.9643,0.2039,3.4239,2951.7456,49:11.75,10,"8,6,4,1,5,2,3,7,9,0",8:46;6:17;4:52;1:31;5:10;2:10;3:38;7:51;9:26;0:40,"8:[0,5,6,7];6:[7];4:[0,1,2,6,7];1:[3,4,5];5:[6];2:[5];3:[5,6,7];7:[1,2,3,4,5];9:[2,3];0:[0,1,6,7]","c8:bw=46,experts=[0,5,6,7]; c6:bw=17,experts=[7]; c4:bw=52,experts=[0,1,2,6,7]; c1:bw=31,experts=[3,4,5]; c5:bw=10,experts=[6]; c2:bw=10,experts=[5]; c3:bw=38,experts=[5,6,7]; c7:bw=51,experts=[1,2,3,4,5]; c9:bw=26,experts=[2,3]; c0:bw=40,experts=[0,1,6,7]","3.3973,13.1052,10.3450,15.0951,3.2843,11.3135,1.7901,17.2713,4.3949,5.9675"
39,2026-09-21 17:04:23,Ours,0.01,0.5889797897877292,94.3300553165335,95.38260602335588,37,90.1323,1:30.13,86.1184,0.2079,3.8044,3041.9023,50:41.90,10,"3,0,1,7,6,8,2,4,9,5",3:26;0:10;1:45;7:40;6:31;8:45;2:36;4:36;9:24;5:75,"3:[0,1];0:[2];1:[0,1,6,7];7:[0,1,6,7];6:[0,1,2];8:[1,2,3,4];2:[0,6,7];4:[3,4,5];9:[4,5];5:[0,1,2,3,4,5,7]","c3:bw=26,experts=[0,1]; c0:bw=10,experts=[2]; c1:bw=45,experts=[0,1,6,7]; c7:bw=40,experts=[0,1,6,7]; c6:bw=31,experts=[0,1,2]; c8:bw=45,experts=[1,2,3,4]; c2:bw=36,experts=[0,6,7]; c4:bw=36,experts=[3,4,5]; c9:bw=24,experts=[4,5]; c5:bw=75,experts=[0,1,2,3,4,5,7]","1.5683,5.9684,15.5349,17.5548,12.8357,3.7946,11.2845,9.8562,4.4099,3.3111"
40,2026-09-21 17:05:52,Ours,0.01,0.5868398766300165,94.99078057775046,95.38260602335588,37,89.8199,1:29.82,85.8157,0.21,3.7927,3131.7511,52:11.75,10,"8,1,5,6,2,7,3,4,9,0",8:26;1:42;5:32;6:46;2:65;7:66;3:10;4:19;9:40;0:36,"8:[5,6];1:[2,3,4,5];5:[0,6,7];6:[3,4,5,6];2:[1,2,3,4,5,6];7:[2,3,4,5,6,7];3:[2];4:[6];9:[0,1,6,7];0:[3,4,5]","c8:bw=26,experts=[5,6]; c1:bw=42,experts=[2,3,4,5]; c5:bw=32,experts=[0,6,7]; c6:bw=46,experts=[3,4,5,6]; c2:bw=65,experts=[1,2,3,4,5,6]; c7:bw=66,experts=[2,3,4,5,6,7]; c3:bw=10,experts=[2]; c4:bw=19,experts=[6]; c9:bw=40,experts=[0,1,6,7]; c0:bw=36,experts=[3,4,5]","3.7890,15.1333,3.2989,13.1965,10.8444,17.7221,1.6226,10.0630,4.3022,5.8436"
41,2026-09-21 17:07:22,Ours,0.01,0.5863300988725988,93.80762138905962,95.38260602335588,37,89.9509,1:29.95,85.9993,0.2096,3.7405,3221.7305,53:41.73,10,"2,6,8,1,4,5,7,3,9,0",2:54;6:10;8:57;1:10;4:50;5:61;7:68;3:40;9:54;0:10,"2:[0,1,2,3,7];6:[7];8:[0,1,2,3,7];1:[6];4:[0,1,2,3,7];5:[1,2,3,4,5,6];7:[0,1,2,3,4,5];3:[3,4,5,6];9:[2,3,4,5,6];0:[6]","c2:bw=54,experts=[0,1,2,3,7]; c6:bw=10,experts=[7]; c8:bw=57,experts=[0,1,2,3,7]; c1:bw=10,experts=[6]; c4:bw=50,experts=[0,1,2,3,7]; c5:bw=61,experts=[1,2,3,4,5,6]; c7:bw=68,experts=[0,1,2,3,4,5]; c3:bw=40,experts=[3,4,5,6]; c9:bw=54,experts=[2,3,4,5,6]; c0:bw=10,experts=[6]","11.3678,12.6196,3.8108,15.5994,9.8322,3.3008,17.8033,1.5679,4.1443,5.9532"
42,2026-09-21 17:08:52,Ours,0.01,0.5850487887544228,95.19053472649047,95.38260602335588,37,89.79,1:29.79,86.0376,0.1816,3.5695,3311.5491,55:11.55,10,"5,1,3,9,6,0,7,4,8,2",5:50;1:49;3:48;9:51;6:34;0:15;7:20;4:55;8:42;2:40,"5:[0,1,2,3,7];1:[0,1,2,7];3:[0,1,2,7];9:[0,1,2,3,7];6:[0,1,2];0:[7];7:[6,7];4:[0,4,5,6,7];8:[4,5,6,7];2:[4,5,6,7]","c5:bw=50,experts=[0,1,2,3,7]; c1:bw=49,experts=[0,1,2,7]; c3:bw=48,experts=[0,1,2,7]; c9:bw=51,experts=[0,1,2,3,7]; c6:bw=34,experts=[0,1,2]; c0:bw=15,experts=[7]; c7:bw=20,experts=[6,7]; c4:bw=55,experts=[0,4,5,6,7]; c8:bw=42,experts=[4,5,6,7]; c2:bw=40,experts=[4,5,6,7]","3.2815,15.0616,1.8309,4.4158,13.2395,5.6973,17.3091,10.4567,3.8071,10.9380"
43,2026-09-21 17:10:22,Ours,0.01,0.5833548035409689,94.94468346650277,95.38260602335588,37,89.8622,1:29.86,85.8754,0.207,3.7781,3401.4418,56:41.44,10,"5,1,2,8,9,7,4,6,3,0",5:53;1:58;2:51;8:45;9:32;7:21;4:34;6:12;3:65;0:21,"5:[0,4,5,6,7];1:[3,4,5,6,7];2:[0,1,2,3,4];8:[0,1,2,3];9:[4,5,6];7:[0,1];4:[1,2,3];6:[3];3:[0,3,4,5,6,7];0:[0,1]","c5:bw=53,experts=[0,4,5,6,7]; c1:bw=58,experts=[3,4,5,6,7]; c2:bw=51,experts=[0,1,2,3,4]; c8:bw=45,experts=[0,1,2,3]; c9:bw=32,experts=[4,5,6]; c7:bw=21,experts=[0,1]; c4:bw=34,experts=[1,2,3]; c6:bw=12,experts=[3]; c3:bw=65,experts=[0,3,4,5,6,7]; c0:bw=21,experts=[0,1]","3.3454,15.6496,10.7818,3.8499,4.3996,17.2492,10.3673,13.1633,1.7715,5.2978"
44,2026-09-21 17:11:52,Ours,0.01,0.5820641390662309,95.06760909649662,95.38260602335588,37,90.1349,1:30.13,86.2719,0.1824,3.679,3491.6061,58:11.61,10,"0,3,4,2,7,5,6,9,8,1",0:66;3:47;4:29;2:37;7:75;5:24;6:20;9:37;8:34;1:45,"0:[2,3,4,5,6,7];3:[1,2,3,4];4:[4,5];2:[5,6,7];7:[0,2,3,4,5,6,7];5:[1,2];6:[4,5];9:[0,1,7];8:[4,5,6];1:[0,1,2,3]","c0:bw=66,experts=[2,3,4,5,6,7]; c3:bw=47,experts=[1,2,3,4]; c4:bw=29,experts=[4,5]; c2:bw=37,experts=[5,6,7]; c7:bw=75,experts=[0,2,3,4,5,6,7]; c5:bw=24,experts=[1,2]; c6:bw=20,experts=[4,5]; c9:bw=37,experts=[0,1,7]; c8:bw=34,experts=[4,5,6]; c1:bw=45,experts=[0,1,2,3]","5.9313,1.8134,10.3152,10.6485,17.7834,3.3182,12.9670,4.1084,3.8422,15.5441"
45,2026-09-21 17:13:22,Ours,0.01,0.581347622447062,95.86278426551937,95.86278426551937,45,89.6095,1:29.61,85.889,0.1779,3.541,3581.2424,59:41.24,10,"8,0,3,4,7,2,9,6,5,1",8:55;0:36;3:67;4:64;7:36;2:49;9:25;6:10;5:44;1:56,"8:[0,1,2,3,7];0:[0,1,2];3:[0,1,2,5,6,7];4:[0,1,2,3,6,7];7:[1,2,3];2:[0,1,2,3];9:[2,3];6:[6];5:[3,4,5,6];1:[0,4,5,6,7]","c8:bw=55,experts=[0,1,2,3,7]; c0:bw=36,experts=[0,1,2]; c3:bw=67,experts=[0,1,2,5,6,7]; c4:bw=64,experts=[0,1,2,3,6,7]; c7:bw=36,experts=[1,2,3]; c2:bw=49,experts=[0,1,2,3]; c9:bw=25,experts=[2,3]; c6:bw=10,experts=[6]; c5:bw=44,experts=[3,4,5,6]; c1:bw=56,experts=[0,4,5,6,7]","3.3098,5.9593,1.8107,10.3580,17.3001,11.3971,4.4068,12.5044,3.2916,15.5512"
46,2026-09-21 17:14:52,Ours,0.01,0.5794444599785109,95.14443761524278,95.86278426551937,45,90.2161,1:30.22,86.2819,0.1705,3.7622,3671.4853,1:01:11.49,10,"9,3,6,1,4,5,2,8,0,7",9:37;3:27;6:39;1:41;4:64;5:41;2:57;8:39;0:55;7:28,"9:[4,5,6];3:[3,4];6:[0,1,7];1:[1,2,3,4];4:[0,1,4,5,6,7];5:[0,1,2,7];2:[0,4,5,6,7];8:[4,5,6];0:[3,4,5,6,7];7:[4,5]","c9:bw=37,experts=[4,5,6]; c3:bw=27,experts=[3,4]; c6:bw=39,experts=[0,1,7]; c1:bw=41,experts=[1,2,3,4]; c4:bw=64,experts=[0,1,4,5,6,7]; c5:bw=41,experts=[0,1,2,7]; c2:bw=57,experts=[0,4,5,6,7]; c8:bw=39,experts=[4,5,6]; c0:bw=55,experts=[3,4,5,6,7]; c7:bw=28,experts=[4,5]","4.1906,1.8284,13.1330,15.8517,9.8084,3.3886,11.3432,3.7798,5.7665,17.1918"
47,2026-09-21 17:16:22,Ours,0.01,0.5803510113896502,93.62323294406883,95.86278426551937,45,90.0599,1:30.06,86.103,0.1758,3.7795,3761.5756,1:02:41.58,10,"5,6,7,9,8,3,4,0,1,2",5:52;6:22;7:53;9:17;8:39;3:70;4:10;0:46;1:30;2:54,"5:[3,4,5,6,7];6:[2,3];7:[0,1,2,6,7];9:[7];8:[0,1,7];3:[0,1,2,3,5,6,7];4:[2];0:[0,1,2,3];1:[5,6,7];2:[1,2,3,4,5]","c5:bw=52,experts=[3,4,5,6,7]; c6:bw=22,experts=[2,3]; c7:bw=53,experts=[0,1,2,6,7]; c9:bw=17,experts=[7]; c8:bw=39,experts=[0,1,7]; c3:bw=70,experts=[0,1,2,3,5,6,7]; c4:bw=10,experts=[2]; c0:bw=46,experts=[0,1,2,3]; c1:bw=30,experts=[5,6,7]; c2:bw=54,experts=[1,2,3,4,5]","3.2940,12.7958,17.9181,4.0748,3.6549,1.8435,10.3557,5.9139,15.0572,11.1952"
48,2026-09-21 17:17:52,Ours,0.01,0.579149088091297,95.67839582052858,95.86278426551937,45,90.0071,1:30.01,86.0385,0.1709,3.7961,3851.6138,1:04:11.61,10,"1,8,4,2,9,6,5,7,0,3",1:50;8:50;4:67;2:57;9:52;6:45;5:55;7:62;0:16;3:18,"1:[0,1,2,3,4];8:[2,3,4,5,6];4:[0,3,4,5,6,7];2:[0,1,2,6,7];9:[0,1,2,3,4];6:[4,5,6,7];5:[0,1,2,3,4];7:[0,3,4,5,6,7];0:[4];3:[4]","c1:bw=50,experts=[0,1,2,3,4]; c8:bw=50,experts=[2,3,4,5,6]; c4:bw=67,experts=[0,3,4,5,6,7]; c2:bw=57,experts=[0,1,2,6,7]; c9:bw=52,experts=[0,1,2,3,4]; c6:bw=45,experts=[4,5,6,7]; c5:bw=55,experts=[0,1,2,3,4]; c7:bw=62,experts=[0,3,4,5,6,7]; c0:bw=16,experts=[4]; c3:bw=18,experts=[4]","15.8243,3.3429,10.4314,11.3722,4.3350,12.6804,3.2774,16.9760,5.9949,1.8040"
49,2026-09-21 17:19:22,Ours,0.01,0.5786490607118393,95.18669330055316,95.86278426551937,45,89.5968,1:29.60,85.8938,0.1591,3.5425,3941.2403,1:05:41.24,10,"4,3,8,0,2,5,6,7,9,1",4:48;3:32;8:26;0:20;2:58;5:56;6:13;7:44;9:53;1:54,"4:[1,2,3,4];3:[5,6,7];8:[0,7];0:[5,6];2:[3,4,5,6,7];5:[0,1,5,6,7];6:[0];7:[1,2,3,4];9:[0,1,5,6,7];1:[0,1,5,6,7]","c4:bw=48,experts=[1,2,3,4]; c3:bw=32,experts=[5,6,7]; c8:bw=26,experts=[0,7]; c0:bw=20,experts=[5,6]; c2:bw=58,experts=[3,4,5,6,7]; c5:bw=56,experts=[0,1,5,6,7]; c6:bw=13,experts=[0]; c7:bw=44,experts=[1,2,3,4]; c9:bw=53,experts=[0,1,5,6,7]; c1:bw=54,experts=[0,1,5,6,7]","10.4300,1.8031,3.3806,5.8492,11.3392,3.2544,12.6161,17.5290,4.3971,15.2951"
50,2026-09-21 17:20:52,Ours,0.01,0.5783706435304203,96.10095267363245,96.10095267363245,50,89.971,1:29.97,86.0114,0.1759,3.7821,4031.2438,1:07:11.24,10,"8,4,7,6,2,1,3,0,9,5",8:32;4:10;7:34;6:68;2:63;1:64;3:39;0:29;9:27;5:31,"8:[1,2,3];4:[5];7:[5,6,7];6:[1,2,3,4,5,6];2:[0,1,2,3,4,5];1:[2,3,4,5,6,7];3:[0,1,2];0:[0,7];9:[2,3];5:[2,3,4]","c8:bw=32,experts=[1,2,3]; c4:bw=10,experts=[5]; c7:bw=34,experts=[5,6,7]; c6:bw=68,experts=[1,2,3,4,5,6]; c2:bw=63,experts=[0,1,2,3,4,5]; c1:bw=64,experts=[2,3,4,5,6,7]; c3:bw=39,experts=[0,1,2]; c0:bw=29,experts=[0,7]; c9:bw=27,experts=[2,3]; c5:bw=31,experts=[2,3,4]","3.8922,10.4534,17.2432,13.2545,10.8183,15.5698,1.7934,5.9101,4.1145,2.9619"
51,2026-09-21 17:22:22,Ours,0.01,0.5752371508963388,94.61047940995698,96.10095267363245,50,90.2842,1:30.28,86.3739,0.182,3.7267,4121.5606,1:08:41.56,10,"5,0,1,2,8,6,9,3,4,7",5:47;0:53;1:21;2:20;8:46;6:52;9:18;3:55;4:11;7:27,"5:[0,5,6,7];0:[1,2,3,4,5];1:[0,1];2:[6,7];8:[4,5,6,7];6:[0,1,2,3,7];9:[4];3:[3,4,5,6,7];4:[6];7:[0,1]","c5:bw=47,experts=[0,5,6,7]; c0:bw=53,experts=[1,2,3,4,5]; c1:bw=21,experts=[0,1]; c2:bw=20,experts=[6,7]; c8:bw=46,experts=[4,5,6,7]; c6:bw=52,experts=[0,1,2,3,7]; c9:bw=18,experts=[4]; c3:bw=55,experts=[3,4,5,6,7]; c4:bw=11,experts=[6]; c7:bw=27,experts=[0,1]","3.3066,6.0224,15.1994,11.2748,3.7164,13.3396,4.3897,1.8018,9.6295,17.6937"
52,2026-09-21 17:23:52,Ours,0.01,0.5748920958128174,95.92808850645359,96.10095267363245,50,89.4558,1:29.46,85.7586,0.1809,3.5139,4211.0503,1:10:11.05,10,"0,8,5,7,1,4,9,6,2,3",0:46;8:18;5:24;7:34;1:40;4:33;9:31;6:51;2:29;3:43,"0:[0,1,6,7];8:[0];5:[1,2];7:[2,3,4];1:[2,3,4,5];4:[0,1,7];9:[5,6,7];6:[0,4,5,6,7];2:[0,1];3:[0,1,2,3]","c0:bw=46,experts=[0,1,6,7]; c8:bw=18,experts=[0]; c5:bw=24,experts=[1,2]; c7:bw=34,experts=[2,3,4]; c1:bw=40,experts=[2,3,4,5]; c4:bw=33,experts=[0,1,7]; c9:bw=31,experts=[5,6,7]; c6:bw=51,experts=[0,4,5,6,7]; c2:bw=29,experts=[0,1]; c3:bw=43,experts=[0,1,2,3]","5.3439,3.8915,3.3342,17.5669,15.1780,10.2996,4.1388,12.9151,11.2924,1.7982"
53,2026-09-21 17:25:22,Ours,0.01,0.5732536310529273,93.48494161032575,96.10095267363245,50,89.7627,1:29.76,85.8151,0.1829,3.763,4300.8431,1:11:40.84,10,"8,4,5,1,3,9,6,7,0,2",8:22;4:28;5:44;1:59;3:47;9:61;6:36;7:44;0:39;2:51,"8:[1,2];4:[2,3];5:[3,4,5,6];1:[0,1,2,6,7];3:[4,5,6,7];9:[0,1,2,3,4,5];6:[1,2,3];7:[0,5,6,7];0:[2,3,4];2:[2,3,4,5,6]","c8:bw=22,experts=[1,2]; c4:bw=28,experts=[2,3]; c5:bw=44,experts=[3,4,5,6]; c1:bw=59,experts=[0,1,2,6,7]; c3:bw=47,experts=[4,5,6,7]; c9:bw=61,experts=[0,1,2,3,4,5]; c6:bw=36,experts=[1,2,3]; c7:bw=44,experts=[0,5,6,7]; c0:bw=39,experts=[2,3,4]; c2:bw=51,experts=[2,3,4,5,6]","3.4876,10.2907,3.1333,15.7041,1.7998,4.3944,12.6274,17.6017,5.3922,11.3840"
54,2026-09-21 17:26:51,Ours,0.01,0.5734025860479457,95.40565457897972,96.10095267363245,50,89.7662,1:29.77,85.793,0.1858,3.7858,4390.6446,1:13:10.64,10,"2,1,8,7,3,0,6,5,9,4",2:10;1:53;8:55;7:61;3:30;0:37;6:54;5:10;9:50;4:32,"2:[7];1:[3,4,5,6,7];8:[3,4,5,6,7];7:[1,2,3,4,5,6];3:[0,1,2];0:[5,6,7];6:[0,4,5,6,7];5:[7];9:[0,1,2,6,7];4:[4,5,6]","c2:bw=10,experts=[7]; c1:bw=53,experts=[3,4,5,6,7]; c8:bw=55,experts=[3,4,5,6,7]; c7:bw=61,experts=[1,2,3,4,5,6]; c3:bw=30,experts=[0,1,2]; c0:bw=37,experts=[5,6,7]; c6:bw=54,experts=[0,4,5,6,7]; c5:bw=10,experts=[7]; c9:bw=50,experts=[0,1,2,6,7]; c4:bw=32,experts=[4,5,6]","11.0254,15.5727,3.7803,17.1867,1.8023,5.8342,12.9841,2.9294,4.4697,10.2081"
55,2026-09-21 17:28:21,Ours,0.01,0.5731160432045389,95.52858020897357,96.10095267363245,50,90.0367,1:30.04,86.1248,0.1758,3.7346,4480.7174,1:14:40.72,10,"7,2,4,3,8,5,1,6,0,9",7:54;2:41;4:14;3:52;8:14;5:53;1:60;6:42;0:27;9:62,"7:[0,1,2,3,7];2:[0,1,2,3];4:[7];3:[3,4,5,6,7];8:[0];5:[0,1,2,3,4];1:[0,1,2,3,4,5];6:[1,2,3,4];0:[0,1];9:[0,3,4,5,6,7]","c7:bw=54,experts=[0,1,2,3,7]; c2:bw=41,experts=[0,1,2,3]; c4:bw=14,experts=[7]; c3:bw=52,experts=[3,4,5,6,7]; c8:bw=14,experts=[0]; c5:bw=53,experts=[0,1,2,3,4]; c1:bw=60,experts=[0,1,2,3,4,5]; c6:bw=42,experts=[1,2,3,4]; c0:bw=27,experts=[0,1]; c9:bw=62,experts=[0,3,4,5,6,7]","17.7951,10.7887,10.2940,1.8090,3.7851,3.2617,15.2875,13.3179,5.2952,4.4905"
56,2026-09-21 17:29:51,Ours,0.01,0.5724271255576733,95.0560848186847,96.10095267363245,50,89.3702,1:29.37,85.8906,0.1833,3.2947,4570.1212,1:16:10.12,10,"9,1,3,2,5,4,8,7,6,0",9:52;1:56;3:10;2:53;5:31;4:10;8:13;7:18;6:23;0:70,"9:[1,2,3,4,5];1:[0,1,2,6,7];3:[0];2:[0,4,5,6,7];5:[5,6,7];4:[0];8:[1];7:[4];6:[5,6];0:[0,2,3,4,5,6,7]","c9:bw=52,experts=[1,2,3,4,5]; c1:bw=56,experts=[0,1,2,6,7]; c3:bw=10,experts=[0]; c2:bw=53,experts=[0,4,5,6,7]; c5:bw=31,experts=[5,6,7]; c4:bw=10,experts=[0]; c8:bw=13,experts=[1]; c7:bw=18,experts=[4]; c6:bw=23,experts=[5,6]; c0:bw=70,experts=[0,2,3,4,5,6,7]","4.4174,14.9953,1.7728,11.3313,3.2570,9.9934,3.3577,17.6058,13.2227,5.9371"
57,2026-09-21 17:31:21,Ours,0.01,0.5708144634377162,95.79748002458513,96.10095267363245,50,89.9363,1:29.94,86.0562,0.1822,3.6963,4660.0887,1:17:40.09,10,"3,8,6,1,7,0,5,4,2,9",3:64;8:43;6:48;1:49;7:69;0:70;5:44;4:41;2:33;9:19,"3:[1,2,3,4,5,6];8:[2,3,4,5];6:[0,1,2,7];1:[3,4,5,6];7:[0,1,2,5,6,7];0:[1,2,3,4,5,6,7];5:[0,1,2,3];4:[1,2,3,4];2:[1,2,3];9:[6]","c3:bw=64,experts=[1,2,3,4,5,6]; c8:bw=43,experts=[2,3,4,5]; c6:bw=48,experts=[0,1,2,7]; c1:bw=49,experts=[3,4,5,6]; c7:bw=69,experts=[0,1,2,5,6,7]; c0:bw=70,experts=[1,2,3,4,5,6,7]; c5:bw=44,experts=[0,1,2,3]; c4:bw=41,experts=[1,2,3,4]; c2:bw=33,experts=[1,2,3]; c9:bw=19,experts=[6]","1.6627,3.8935,13.2273,15.0388,17.7569,5.5571,3.1661,10.5041,11.3082,3.9415"
58,2026-09-21 17:32:51,Ours,0.01,0.5712667484843784,95.42102028272895,96.10095267363245,50,90.4416,1:30.44,86.5388,0.1743,3.7269,4750.5649,1:19:10.56,10,"7,2,9,6,5,1,8,4,3,0",7:24;2:10;9:57;6:55;5:35;1:30;8:40;4:38;3:61;0:47,"7:[3,4];2:[4];9:[0,1,2,3,7];6:[3,4,5,6,7];5:[4,5,6];1:[0,1,7];8:[0,1,6,7];4:[5,6,7];3:[0,1,2,3,4,7];0:[0,1,2,3]","c7:bw=24,experts=[3,4]; c2:bw=10,experts=[4]; c9:bw=57,experts=[0,1,2,3,7]; c6:bw=55,experts=[3,4,5,6,7]; c5:bw=35,experts=[4,5,6]; c1:bw=30,experts=[0,1,7]; c8:bw=40,experts=[0,1,6,7]; c4:bw=38,experts=[5,6,7]; c3:bw=61,experts=[0,1,2,3,4,7]; c0:bw=47,experts=[0,1,2,3]","17.8891,10.7743,4.5050,13.1440,3.3228,15.4756,3.3654,10.3424,1.7917,5.9284"
59,2026-09-21 17:34:21,Ours,0.01,0.5688910088679815,96.15089121081745,96.15089121081745,59,89.5329,1:29.53,85.6171,0.1806,3.7337,4840.1321,1:20:40.13,10,"2,8,9,6,1,4,7,5,0,3",2:37;8:56;9:28;6:19;1:65;4:26;7:28;5:32;0:52;3:35,"2:[5,6,7];8:[2,3,4,5,6];9:[4,5];6:[0];1:[2,3,4,5,6,7];4:[0,1];7:[5,6];5:[0,1,7];0:[0,4,5,6,7];3:[5,6,7]","c2:bw=37,experts=[5,6,7]; c8:bw=56,experts=[2,3,4,5,6]; c9:bw=28,experts=[4,5]; c6:bw=19,experts=[0]; c1:bw=65,experts=[2,3,4,5,6,7]; c4:bw=26,experts=[0,1]; c7:bw=28,experts=[5,6]; c5:bw=32,experts=[0,1,7]; c0:bw=52,experts=[0,4,5,6,7]; c3:bw=35,experts=[5,6,7]","10.7477,3.8261,4.3936,13.1007,15.3100,10.3349,16.9518,3.2791,5.8837,1.7896"
60,2026-09-21 17:35:51,Ours,0.01,0.5704722823603358,95.46711739397665,96.15089121081745,59,89.7736,1:29.77,85.8715,0.171,3.7293,4929.9399,1:22:09.94,10,"0,7,4,2,5,8,6,9,1,3",0:53;7:48;4:30;2:30;5:33;8:24;6:59;9:10;1:54;3:44,"0:[1,2,3,4,5];7:[0,1,2,7];4:[2,3,4];2:[0,1,2];5:[2,3,4];8:[0,7];6:[1,2,3,4,5];9:[6];1:[0,1,2,3,4];3:[0,1,2,3]","c0:bw=53,experts=[1,2,3,4,5]; c7:bw=48,experts=[0,1,2,7]; c4:bw=30,experts=[2,3,4]; c2:bw=30,experts=[0,1,2]; c5:bw=33,experts=[2,3,4]; c8:bw=24,experts=[0,7]; c6:bw=59,experts=[1,2,3,4,5]; c9:bw=10,experts=[6]; c1:bw=54,experts=[0,1,2,3,4]; c3:bw=44,experts=[0,1,2,3]","5.4049,17.6867,10.3918,11.1005,2.9867,3.8702,13.2253,4.3660,15.0476,1.7917"
61,2026-09-21 17:37:20,Ours,0.01,0.5681698942948418,95.31346035648433,96.15089121081745,59,89.3212,1:29.32,85.2977,0.1547,3.8674,5019.2966,1:23:39.30,10,"5,6,2,9,1,3,8,4,7,0",5:49;6:37;2:29;9:38;1:33;3:43;8:55;4:38;7:43;0:60,"5:[0,5,6,7];6:[0,6,7];2:[3,4];9:[0,1,7];1:[5,6,7];3:[4,5,6,7];8:[1,2,3,4,5];4:[5,6,7];7:[3,4,5,6];0:[0,1,2,3,6,7]","c5:bw=49,experts=[0,5,6,7]; c6:bw=37,experts=[0,6,7]; c2:bw=29,experts=[3,4]; c9:bw=38,experts=[0,1,7]; c1:bw=33,experts=[5,6,7]; c3:bw=43,experts=[4,5,6,7]; c8:bw=55,experts=[1,2,3,4,5]; c4:bw=38,experts=[5,6,7]; c7:bw=43,experts=[3,4,5,6]; c0:bw=60,experts=[0,1,2,3,6,7]","3.2794,12.5188,11.4211,4.4196,15.0613,1.8388,3.7956,10.2274,17.0804,5.6552"
62,2026-09-21 17:38:50,Ours,0.01,0.567823366020334,95.76290719114935,96.15089121081745,59,89.7828,1:29.78,85.8101,0.1816,3.7895,5109.1155,1:25:09.12,10,"8,6,9,4,5,0,3,2,1,7",8:13;6:62;9:16;4:60;5:67;0:28;3:53;2:42;1:75;7:44,"8:[6];6:[1,2,3,4,5,6];9:[2];4:[0,1,2,3,4,5];5:[1,2,3,4,5,6];0:[4,5];3:[0,1,2,3,4];2:[0,5,6,7];1:[0,1,2,3,4,5,6];7:[0,1,2,7]","c8:bw=13,experts=[6]; c6:bw=62,experts=[1,2,3,4,5,6]; c9:bw=16,experts=[2]; c4:bw=60,experts=[0,1,2,3,4,5]; c5:bw=67,experts=[1,2,3,4,5,6]; c0:bw=28,experts=[4,5]; c3:bw=53,experts=[0,1,2,3,4]; c2:bw=42,experts=[0,5,6,7]; c1:bw=75,experts=[0,1,2,3,4,5,6]; c7:bw=44,experts=[0,1,2,7]","3.7958,13.3210,4.3466,9.9623,3.2837,5.9214,1.8102,10.6910,15.6366,17.0415"
63,2026-09-21 17:40:20,Ours,0.01,0.5665774492040772,94.51060233558697,96.15089121081745,59,89.9033,1:29.90,86.1537,0.1782,3.5699,5199.0543,1:26:39.05,10,"5,9,6,3,8,1,7,0,2,4",5:10;9:21;6:34;3:52;8:32;1:50;7:68;0:41;2:28;4:52,"5:[7];9:[3,4];6:[0,1,7];3:[0,1,5,6,7];8:[0,1,7];1:[0,1,2,3,7];7:[0,3,4,5,6,7];0:[0,1,6,7];2:[1,2];4:[0,1,2,6,7]","c5:bw=10,experts=[7]; c9:bw=21,experts=[3,4]; c6:bw=34,experts=[0,1,7]; c3:bw=52,experts=[0,1,5,6,7]; c8:bw=32,experts=[0,1,7]; c1:bw=50,experts=[0,1,2,3,7]; c7:bw=68,experts=[0,3,4,5,6,7]; c0:bw=41,experts=[0,1,6,7]; c2:bw=28,experts=[1,2]; c4:bw=52,experts=[0,1,2,6,7]","3.2818,4.4180,12.8286,1.6165,3.8835,15.6995,17.1872,5.6480,11.3450,10.2456"
64,2026-09-21 17:41:49,Ours,0.01,0.56686147532463,95.90503995082975,96.15089121081745,59,89.4044,1:29.40,85.9604,0.1765,3.2662,5288.4905,1:28:08.49,10,"6,4,5,3,7,0,8,9,2,1",6:50;4:38;5:24;3:38;7:34;0:32;8:53;9:59;2:56;1:28,"6:[2,3,4,5,6];4:[3,4,5];5:[0,1];3:[2,3,4];7:[1,2,3];0:[2,3,4];8:[2,3,4,5,6];9:[0,1,5,6,7];2:[3,4,5,6,7];1:[4,5]","c6:bw=50,experts=[2,3,4,5,6]; c4:bw=38,experts=[3,4,5]; c5:bw=24,experts=[0,1]; c3:bw=38,experts=[2,3,4]; c7:bw=34,experts=[1,2,3]; c0:bw=32,experts=[2,3,4]; c8:bw=53,experts=[2,3,4,5,6]; c9:bw=59,experts=[0,1,5,6,7]; c2:bw=56,experts=[3,4,5,6,7]; c1:bw=28,experts=[4,5]","12.9560,10.4116,3.2918,1.6415,17.4319,5.9155,3.7644,3.8679,11.3302,15.3496"
65,2026-09-21 17:43:19,Ours,0.01,0.5682960523041672,95.46327596803934,96.15089121081745,59,90.1519,1:30.15,86.249,0.1728,3.7286,5378.6796,1:29:38.68,10,"7,5,4,6,8,3,0,2,1,9",7:10;5:29;4:57;6:50;8:66;3:42;0:41;2:28;1:58;9:47,"7:[4];5:[2,3];4:[0,1,2,6,7];6:[0,1,2,3,7];8:[0,1,2,3,4,7];3:[0,5,6,7];0:[0,5,6,7];2:[0,1];1:[0,1,2,6,7];9:[2,3,4,5]","c7:bw=10,experts=[4]; c5:bw=29,experts=[2,3]; c4:bw=57,experts=[0,1,2,6,7]; c6:bw=50,experts=[0,1,2,3,7]; c8:bw=66,experts=[0,1,2,3,4,7]; c3:bw=42,experts=[0,5,6,7]; c0:bw=41,experts=[0,5,6,7]; c2:bw=28,experts=[0,1]; c1:bw=58,experts=[0,1,2,6,7]; c9:bw=47,experts=[2,3,4,5]","17.8262,3.3132,9.8577,13.0933,3.8394,1.7928,5.9004,11.1784,15.0654,4.3822"
66,2026-09-21 17:44:49,Ours,0.01,0.567045272631898,95.97034419176399,96.15089121081745,59,89.7679,1:29.77,85.8017,0.1767,3.7878,5468.4843,1:31:08.48,10,"2,5,1,8,9,6,4,0,3,7",2:41;5:17;1:54;8:24;9:31;6:30;4:41;0:38;3:66;7:50,"2:[2,3,4,5];5:[4];1:[3,4,5,6,7];8:[5,6];9:[0,6,7];6:[4,5,6];4:[3,4,5,6];0:[1,2,3];3:[1,2,3,4,5,6];7:[0,1,5,6,7]","c2:bw=41,experts=[2,3,4,5]; c5:bw=17,experts=[4]; c1:bw=54,experts=[3,4,5,6,7]; c8:bw=24,experts=[5,6]; c9:bw=31,experts=[0,6,7]; c6:bw=30,experts=[4,5,6]; c4:bw=41,experts=[3,4,5,6]; c0:bw=38,experts=[1,2,3]; c3:bw=66,experts=[1,2,3,4,5,6]; c7:bw=50,experts=[0,1,5,6,7]","10.7985,3.3795,15.7181,3.8048,3.7994,13.2008,10.2808,5.4101,1.7120,17.6977"
67,2026-09-21 17:46:18,Ours,0.01,0.563720464171377,95.66687154271666,96.15089121081745,59,89.1366,1:29.14,85.2309,0.1721,3.7321,5557.6589,1:32:37.66,10,"4,5,1,3,6,0,2,9,7,8",4:51;5:48;1:36;3:25;6:53;0:32;2:43;9:60;7:59;8:10,"4:[0,1,2,3,7];5:[0,5,6,7];1:[0,1,2];3:[0,7];6:[0,1,2,3,7];0:[4,5,6];2:[0,1,6,7];9:[1,2,3,4,5,6];7:[2,3,4,5,6];8:[7]","c4:bw=51,experts=[0,1,2,3,7]; c5:bw=48,experts=[0,5,6,7]; c1:bw=36,experts=[0,1,2]; c3:bw=25,experts=[0,7]; c6:bw=53,experts=[0,1,2,3,7]; c0:bw=32,experts=[4,5,6]; c2:bw=43,experts=[0,1,6,7]; c9:bw=60,experts=[1,2,3,4,5,6]; c7:bw=59,experts=[2,3,4,5,6]; c8:bw=10,experts=[7]","9.8440,3.3650,15.2902,1.7951,13.1224,5.2811,11.2228,4.4084,17.1003,3.8015"
68,2026-09-21 17:47:48,Ours,0.01,0.5653195410805297,95.84357713583282,96.15089121081745,59,89.3068,1:29.31,85.4687,0.2021,3.6343,5647.0048,1:34:07.00,10,"1,8,2,0,3,4,5,9,7,6",1:42;8:31;2:58;0:30;3:26;4:49;5:45;9:15;7:28;6:32,"1:[3,4,5,6];8:[0,1,2];2:[2,3,4,5,6];0:[0,1,7];3:[1,2];4:[4,5,6,7];5:[1,2,3,4];9:[7];7:[0,7];6:[4,5,6]","c1:bw=42,experts=[3,4,5,6]; c8:bw=31,experts=[0,1,2]; c2:bw=58,experts=[2,3,4,5,6]; c0:bw=30,experts=[0,1,7]; c3:bw=26,experts=[1,2]; c4:bw=49,experts=[4,5,6,7]; c5:bw=45,experts=[1,2,3,4]; c9:bw=15,experts=[7]; c7:bw=28,experts=[0,7]; c6:bw=32,experts=[4,5,6]","15.4843,3.4989,11.3855,5.9197,1.8189,9.6332,3.3459,4.3343,17.2748,12.7731"
69,2026-09-21 17:49:18,Ours,0.01,0.5643319311873096,95.66687154271666,96.15089121081745,59,90.0009,1:30.00,86.0008,0.1799,3.8186,5737.045,1:35:37.05,10,"3,7,1,4,9,5,0,2,8,6",3:41;7:58;1:31;4:41;9:35;5:39;0:52;2:66;8:42;6:26,"3:[3,4,5,6];7:[1,2,3,4,5];1:[0,1,7];4:[0,1,2,3];9:[0,1,2];5:[5,6,7];0:[2,3,4,5,6];2:[0,1,2,3,4,7];8:[3,4,5,6];6:[0,7]","c3:bw=41,experts=[3,4,5,6]; c7:bw=58,experts=[1,2,3,4,5]; c1:bw=31,experts=[0,1,7]; c4:bw=41,experts=[0,1,2,3]; c9:bw=35,experts=[0,1,2]; c5:bw=39,experts=[5,6,7]; c0:bw=52,experts=[2,3,4,5,6]; c2:bw=66,experts=[0,1,2,3,4,7]; c8:bw=42,experts=[3,4,5,6]; c6:bw=26,experts=[0,7]","1.8599,17.9073,15.1583,10.3732,4.3812,3.1478,5.3854,11.3682,3.8087,12.6107"
70,2026-09-21 17:50:48,Ours,0.01,0.5633696165426134,95.3480331899201,96.15089121081745,59,90.1971,1:30.20,86.241,0.1985,3.7561,5827.2828,1:37:07.28,10,"1,9,7,3,0,6,2,4,5,8",1:24;9:10;7:28;3:32;0:30;6:26;2:55;4:58;5:23;8:48,"1:[2,3];9:[3];7:[6,7];3:[0,1,7];0:[0,1,7];6:[1,2];2:[0,1,5,6,7];4:[0,4,5,6,7];5:[0,1];8:[0,1,2,7]","c1:bw=24,experts=[2,3]; c9:bw=10,experts=[3]; c7:bw=28,experts=[6,7]; c3:bw=32,experts=[0,1,7]; c0:bw=30,experts=[0,1,7]; c6:bw=26,experts=[1,2]; c2:bw=55,experts=[0,1,5,6,7]; c4:bw=58,experts=[0,4,5,6,7]; c5:bw=23,experts=[0,1]; c8:bw=48,experts=[0,1,2,7]","15.6772,4.2907,17.1478,1.8088,5.9468,12.6725,11.1957,10.4108,3.3046,3.7863"
71,2026-09-21 17:52:18,Ours,0.01,0.5642852467419278,95.16364474492931,96.15089121081745,59,89.8392,1:29.84,86.2187,0.207,3.4118,5917.161,1:38:37.16,10,"4,0,1,9,7,5,3,6,8,2",4:42;0:16;1:52;9:40;7:20;5:33;3:62;6:50;8:39;2:61,"4:[1,2,3,4];0:[2];1:[0,4,5,6,7];9:[4,5,6,7];7:[0,1];5:[2,3,4];3:[2,3,4,5,6,7];6:[3,4,5,6,7];8:[3,4,5];2:[2,3,4,5,6,7]","c4:bw=42,experts=[1,2,3,4]; c0:bw=16,experts=[2]; c1:bw=52,experts=[0,4,5,6,7]; c9:bw=40,experts=[4,5,6,7]; c7:bw=20,experts=[0,1]; c5:bw=33,experts=[2,3,4]; c3:bw=62,experts=[2,3,4,5,6,7]; c6:bw=50,experts=[3,4,5,6,7]; c8:bw=39,experts=[3,4,5]; c2:bw=61,experts=[2,3,4,5,6,7]","9.8513,5.9714,15.4197,4.1073,17.7781,3.2632,1.8047,12.8184,3.8217,11.3828"
72,2026-09-21 17:53:48,Ours,0.01,0.563329866920346,95.65918869084204,96.15089121081745,59,90.0813,1:30.08,85.9231,0.3674,3.789,6007.2802,1:40:07.28,10,"8,1,5,7,6,0,3,2,9,4",8:30;1:39;5:43;7:48;6:19;0:52;3:23;2:23;9:38;4:39,"8:[0,6,7];1:[1,2,3];5:[0,5,6,7];7:[2,3,4,5];6:[0];0:[3,4,5,6,7];3:[0,1];2:[0,1];9:[0,1,2];4:[5,6,7]","c8:bw=30,experts=[0,6,7]; c1:bw=39,experts=[1,2,3]; c5:bw=43,experts=[0,5,6,7]; c7:bw=48,experts=[2,3,4,5]; c6:bw=19,experts=[0]; c0:bw=52,experts=[3,4,5,6,7]; c3:bw=23,experts=[0,1]; c2:bw=23,experts=[0,1]; c9:bw=38,experts=[0,1,2]; c4:bw=39,experts=[5,6,7]","3.5903,15.7378,3.2766,17.0361,13.1069,5.9508,1.8048,10.7741,4.3047,10.3411"
73,2026-09-21 17:55:18,Ours,0.01,0.5615257758032575,96.24692685925015,96.24692685925015,73,90.1777,1:30.18,86.19,0.1747,3.8114,6097.4969,1:41:37.50,10,"2,8,3,1,5,9,0,7,6,4",2:47;8:11;3:40;1:66;5:17;9:52;0:28;7:37;6:20;4:41,"2:[2,3,4,5];8:[1];3:[2,3,4,5];1:[0,1,4,5,6,7];5:[1];9:[3,4,5,6,7];0:[0,1];7:[0,6,7];6:[1,2];4:[0,1,2,3]","c2:bw=47,experts=[2,3,4,5]; c8:bw=11,experts=[1]; c3:bw=40,experts=[2,3,4,5]; c1:bw=66,experts=[0,1,4,5,6,7]; c5:bw=17,experts=[1]; c9:bw=52,experts=[3,4,5,6,7]; c0:bw=28,experts=[0,1]; c7:bw=37,experts=[0,6,7]; c6:bw=20,experts=[1,2]; c4:bw=41,experts=[0,1,2,3]","10.7482,3.8393,1.8285,15.7082,3.2713,3.8481,6.0054,17.7402,12.8049,10.3959"
74,2026-09-21 17:56:47,Ours,0.01,0.5628154674732142,95.53626306084819,96.24692685925015,73,89.1821,1:29.18,85.2669,0.1759,3.7377,6186.7183,1:43:06.72,10,"3,0,1,5,7,8,6,2,4,9",3:10;0:40;1:28;5:50;7:65;8:28;6:10;2:10;4:47;9:32,"3:[6];0:[2,3,4,5];1:[2,3];5:[2,3,4,5,6];7:[1,2,3,4,5,6];8:[2,3];6:[3];2:[6];4:[4,5,6,7];9:[0,1,2]","c3:bw=10,experts=[6]; c0:bw=40,experts=[2,3,4,5]; c1:bw=28,experts=[2,3]; c5:bw=50,experts=[2,3,4,5,6]; c7:bw=65,experts=[1,2,3,4,5,6]; c8:bw=28,experts=[2,3]; c6:bw=10,experts=[3]; c2:bw=10,experts=[6]; c4:bw=47,experts=[4,5,6,7]; c9:bw=32,experts=[0,1,2]","1.8243,5.3442,15.5501,3.2985,17.6180,3.4226,12.9505,11.1898,9.6625,4.4063"
75,2026-09-21 17:58:16,Ours,0.01,0.5623536532598074,96.0779041180086,96.24692685925015,73,88.3618,1:28.36,84.5645,0.1717,3.622,6275.1197,1:44:35.12,10,"2,9,1,3,7,6,5,4,0,8",2:40;9:61;1:54;3:20;7:28;6:56;5:31;4:56;0:60;8:53,"2:[0,1,2,7];9:[0,3,4,5,6,7];1:[0,4,5,6,7];3:[0,7];7:[0,7];6:[0,4,5,6,7];5:[0,1,7];4:[0,1,2,3,4];0:[0,1,2,3,6,7];8:[0,4,5,6,7]","c2:bw=40,experts=[0,1,2,7]; c9:bw=61,experts=[0,3,4,5,6,7]; c1:bw=54,experts=[0,4,5,6,7]; c3:bw=20,experts=[0,7]; c7:bw=28,experts=[0,7]; c6:bw=56,experts=[0,4,5,6,7]; c5:bw=31,experts=[0,1,7]; c4:bw=56,experts=[0,1,2,3,4]; c0:bw=60,experts=[0,1,2,3,6,7]; c8:bw=53,experts=[0,4,5,6,7]","11.1485,4.1485,15.1338,1.7718,16.7534,13.0799,3.2253,9.6698,5.9716,3.6620"
76,2026-09-21 17:59:45,Ours,0.01,0.5611967352971539,95.77059004302397,96.24692685925015,73,88.8454,1:28.85,84.9653,0.1792,3.6994,6364.0047,1:46:04.00,10,"8,5,0,3,2,6,7,4,9,1",8:29;5:37;0:31;3:15;2:25;6:23;7:66;4:60;9:57;1:53,"8:[1,2];5:[2,3,4];0:[4,5,6];3:[1];2:[3,4];6:[1,2];7:[1,2,3,4,5,6];4:[0,1,2,5,6,7];9:[1,2,3,4,5];1:[1,2,3,4,5]","c8:bw=29,experts=[1,2]; c5:bw=37,experts=[2,3,4]; c0:bw=31,experts=[4,5,6]; c3:bw=15,experts=[1]; c2:bw=25,experts=[3,4]; c6:bw=23,experts=[1,2]; c7:bw=66,experts=[1,2,3,4,5,6]; c4:bw=60,experts=[0,1,2,5,6,7]; c9:bw=57,experts=[1,2,3,4,5]; c1:bw=53,experts=[1,2,3,4,5]","3.8101,3.2840,5.8602,1.7840,10.9558,12.7166,17.2019,10.0575,4.3410,14.9542"
77,2026-09-21 18:01:14,Ours,0.01,0.5599404127583195,95.66303011677935,96.24692685925015,73,89.1307,1:29.13,85.1577,0.1826,3.7889,6453.1766,1:47:33.18,10,"9,2,1,8,4,7,6,0,3,5",9:29;2:34;1:62;8:10;4:10;7:10;6:57;0:63;3:40;5:59,"9:[6,7];2:[5,6,7];1:[0,1,2,3,6,7];8:[3];4:[3];7:[7];6:[3,4,5,6,7];0:[0,1,2,3,4,7];3:[2,3,4,5];5:[0,1,5,6,7]","c9:bw=29,experts=[6,7]; c2:bw=34,experts=[5,6,7]; c1:bw=62,experts=[0,1,2,3,6,7]; c8:bw=10,experts=[3]; c4:bw=10,experts=[3]; c7:bw=10,experts=[7]; c6:bw=57,experts=[3,4,5,6,7]; c0:bw=63,experts=[0,1,2,3,4,7]; c3:bw=40,experts=[2,3,4,5]; c5:bw=59,experts=[0,1,5,6,7]","4.3604,11.0793,14.9903,3.7495,10.2556,16.9464,12.9026,5.8613,1.7747,3.2376"
78,2026-09-21 18:02:43,Ours,0.01,0.5607692608159134,96.32759680393362,96.32759680393362,78,88.6977,1:28.70,84.7938,0.1724,3.7301,6541.9149,1:49:01.91,10,"0,4,3,7,8,1,9,6,5,2",0:26;4:23;3:38;7:36;8:54;1:41;9:31;6:57;5:63;2:34,"0:[5,6];4:[4,5];3:[0,6,7];7:[0,1,2];8:[0,4,5,6,7];1:[4,5,6,7];9:[0,1,2];6:[0,1,2,3,4];5:[2,3,4,5,6,7];2:[0,1,2]","c0:bw=26,experts=[5,6]; c4:bw=23,experts=[4,5]; c3:bw=38,experts=[0,6,7]; c7:bw=36,experts=[0,1,2]; c8:bw=54,experts=[0,4,5,6,7]; c1:bw=41,experts=[4,5,6,7]; c9:bw=31,experts=[0,1,2]; c6:bw=57,experts=[0,1,2,3,4]; c5:bw=63,experts=[2,3,4,5,6,7]; c2:bw=34,experts=[0,1,2]","5.4442,10.0957,1.7817,17.1674,3.6189,15.5387,4.3147,12.5226,3.2191,11.0907"
79,2026-09-21 18:04:11,Ours,0.01,0.5611350139667163,95.9319299323909,96.32759680393362,78,88.3695,1:28.37,84.4293,0.1952,3.7434,6630.3263,1:50:30.33,10,"6,9,0,4,7,8,5,3,1,2",6:21;9:10;0:36;4:80;7:46;8:44;5:53;3:26;1:37;2:33,"6:[5,6];9:[3];0:[0,1,7];4:[0,1,2,3,4,5,6,7];7:[3,4,5,6];8:[1,2,3,4];5:[0,1,2,3,4];3:[1,2];1:[0,1,2];2:[3,4,5]","c6:bw=21,experts=[5,6]; c9:bw=10,experts=[3]; c0:bw=36,experts=[0,1,7]; c4:bw=80,experts=[0,1,2,3,4,5,6,7]; c7:bw=46,experts=[3,4,5,6]; c8:bw=44,experts=[1,2,3,4]; c5:bw=53,experts=[0,1,2,3,4]; c3:bw=26,experts=[1,2]; c1:bw=37,experts=[0,1,2]; c2:bw=33,experts=[3,4,5]","12.5248,4.3512,5.9119,9.7383,17.3518,3.7563,3.2434,1.7612,14.8783,10.9119"
80,2026-09-21 18:05:40,Ours,0.01,0.5573576096099908,96.24692685925015,96.32759680393362,78,88.5368,1:28.54,84.6486,0.2057,3.681,6718.904,1:51:58.90,10,"5,9,7,1,3,4,2,0,6,8",5:65;9:53;7:48;1:31;3:31;4:57;2:44;0:47;6:39;8:51,"5:[0,1,2,5,6,7];9:[0,4,5,6,7];7:[0,1,2,7];1:[3,4,5];3:[3,4,5];4:[0,1,2,6,7];2:[0,1,6,7];0:[2,3,4,5];6:[0,1,7];8:[0,1,5,6,7]","c5:bw=65,experts=[0,1,2,5,6,7]; c9:bw=53,experts=[0,4,5,6,7]; c7:bw=48,experts=[0,1,2,7]; c1:bw=31,experts=[3,4,5]; c3:bw=31,experts=[3,4,5]; c4:bw=57,experts=[0,1,2,6,7]; c2:bw=44,experts=[0,1,6,7]; c0:bw=47,experts=[2,3,4,5]; c6:bw=39,experts=[0,1,7]; c8:bw=51,experts=[0,1,5,6,7]","3.2544,4.3817,17.0566,15.5684,1.5930,9.8458,11.0244,5.8623,12.3715,3.6906"
81,2026-09-21 18:07:08,Ours,0.01,0.5593192047366433,96.17393976644131,96.32759680393362,78,88.4238,1:28.42,84.4503,0.1841,3.7877,6807.3693,1:53:27.37,10,"6,2,3,1,4,5,9,7,8,0",6:51;2:45;3:67;1:49;4:42;5:30;9:26;7:58;8:48;0:50,"6:[2,3,4,5,6];2:[2,3,4,5];3:[0,1,2,3,6,7];1:[0,1,6,7];4:[3,4,5,6];5:[3,4,5];9:[1,2];7:[3,4,5,6,7];8:[2,3,4,5];0:[0,1,2,6,7]","c6:bw=51,experts=[2,3,4,5,6]; c2:bw=45,experts=[2,3,4,5]; c3:bw=67,experts=[0,1,2,3,6,7]; c1:bw=49,experts=[0,1,6,7]; c4:bw=42,experts=[3,4,5,6]; c5:bw=30,experts=[3,4,5]; c9:bw=26,experts=[1,2]; c7:bw=58,experts=[3,4,5,6,7]; c8:bw=48,experts=[2,3,4,5]; c0:bw=50,experts=[0,1,2,6,7]","12.6059,11.0924,1.7413,15.5740,10.0900,2.7948,4.2467,17.3852,3.7126,5.2073"
82,2026-09-21 18:08:37,Ours,0.01,0.5562491504839593,96.17393976644131,96.32759680393362,78,88.7521,1:28.75,84.8624,0.1756,3.7124,6896.1637,1:54:56.16,10,"1,0,6,8,7,3,2,9,5,4",1:64;0:30;6:36;8:58;7:40;3:39;2:30;9:56;5:40;4:30,"1:[2,3,4,5,6,7];0:[3,4,5];6:[0,1,7];8:[0,1,2,6,7];7:[0,1,2,3];3:[4,5,6];2:[0,6,7];9:[3,4,5,6,7];5:[0,1,6,7];4:[0,1,7]","c1:bw=64,experts=[2,3,4,5,6,7]; c0:bw=30,experts=[3,4,5]; c6:bw=36,experts=[0,1,7]; c8:bw=58,experts=[0,1,2,6,7]; c7:bw=40,experts=[0,1,2,3]; c3:bw=39,experts=[4,5,6]; c2:bw=30,experts=[0,6,7]; c9:bw=56,experts=[3,4,5,6,7]; c5:bw=40,experts=[0,1,6,7]; c4:bw=30,experts=[0,1,7]","15.6701,5.6487,12.9211,3.7496,16.8783,1.8171,11.0512,4.2940,3.2170,9.6151"
83,2026-09-21 18:10:06,Ours,0.01,0.5584430116359357,95.85510141364475,96.32759680393362,78,88.7731,1:28.77,85.0562,0.1924,3.5229,6984.9789,1:56:24.98,10,"9,4,2,7,5,0,6,1,8,3",9:51;4:10;2:41;7:37;5:10;0:10;6:53;1:63;8:39;3:42,"9:[0,1,2,3,4];4:[2];2:[1,2,3,4];7:[4,5,6];5:[2];0:[6];6:[2,3,4,5,6];1:[0,1,2,3,4,5];8:[3,4,5];3:[0,1,2,7]","c9:bw=51,experts=[0,1,2,3,4]; c4:bw=10,experts=[2]; c2:bw=41,experts=[1,2,3,4]; c7:bw=37,experts=[4,5,6]; c5:bw=10,experts=[2]; c0:bw=10,experts=[6]; c6:bw=53,experts=[2,3,4,5,6]; c1:bw=63,experts=[0,1,2,3,4,5]; c8:bw=39,experts=[3,4,5]; c3:bw=42,experts=[0,1,2,7]","4.2506,10.2250,11.2308,16.9171,3.2446,5.8074,12.3998,15.4619,3.7349,1.7842"
84,2026-09-21 18:11:34,Ours,0.01,0.5592053339471127,95.37876459741857,96.32759680393362,78,88.3107,1:28.31,84.4446,0.1821,3.6825,7073.3268,1:57:53.33,10,"8,3,1,6,9,2,7,5,4,0",8:67;3:32;1:58;6:10;9:20;2:36;7:47;5:20;4:27;0:10,"8:[0,1,2,3,6,7];3:[3,4,5];1:[0,1,2,6,7];6:[7];9:[5,6];2:[5,6,7];7:[0,1,2,7];5:[3,4];4:[3,4];0:[7]","c8:bw=67,experts=[0,1,2,3,6,7]; c3:bw=32,experts=[3,4,5]; c1:bw=58,experts=[0,1,2,6,7]; c6:bw=10,experts=[7]; c9:bw=20,experts=[5,6]; c2:bw=36,experts=[5,6,7]; c7:bw=47,experts=[0,1,2,7]; c5:bw=20,experts=[3,4]; c4:bw=27,experts=[3,4]; c0:bw=10,experts=[7]","3.4005,1.8385,15.6338,12.4106,4.4030,11.0673,16.7243,3.2327,9.9231,5.8108"
85,2026-09-21 18:13:02,Ours,0.01,0.5569558504450336,96.33912108174555,96.33912108174555,85,88.2212,1:28.22,84.2799,0.2024,3.7374,7161.5911,1:59:21.59,10,"0,2,8,6,1,4,9,3,5,7",0:38;2:45;8:70;6:42;1:57;4:42;9:58;3:51;5:12;7:11,"0:[0,1,2];2:[0,1,2,3];8:[0,1,2,4,5,6,7];6:[0,1,2,3];1:[3,4,5,6,7];4:[0,5,6,7];9:[0,1,2,3,7];3:[0,1,2,6,7];5:[5];7:[3]","c0:bw=38,experts=[0,1,2]; c2:bw=45,experts=[0,1,2,3]; c8:bw=70,experts=[0,1,2,4,5,6,7]; c6:bw=42,experts=[0,1,2,3]; c1:bw=57,experts=[3,4,5,6,7]; c4:bw=42,experts=[0,5,6,7]; c9:bw=58,experts=[0,1,2,3,7]; c3:bw=51,experts=[0,1,2,6,7]; c5:bw=12,experts=[5]; c7:bw=11,experts=[3]","5.8791,10.6711,3.8090,12.9511,14.8011,10.1278,4.3034,1.7613,3.1637,16.8123"
86,2026-09-21 18:14:31,Ours,0.01,0.555458278892478,95.93577135832821,96.33912108174555,85,88.2605,1:28.26,84.3607,0.1823,3.7159,7249.8948,2:00:49.89,10,"5,8,2,6,0,4,7,3,1,9",5:47;8:28;2:24;6:55;0:30;4:18;7:44;3:28;1:72;9:43,"5:[0,1,6,7];8:[3,4];2:[4,5];6:[0,4,5,6,7];0:[3,4,5];4:[1];7:[4,5,6,7];3:[3,4];1:[0,1,2,3,4,5,6];9:[4,5,6,7]","c5:bw=47,experts=[0,1,6,7]; c8:bw=28,experts=[3,4]; c2:bw=24,experts=[4,5]; c6:bw=55,experts=[0,4,5,6,7]; c0:bw=30,experts=[3,4,5]; c4:bw=18,experts=[1]; c7:bw=44,experts=[4,5,6,7]; c3:bw=28,experts=[3,4]; c1:bw=72,experts=[0,1,2,3,4,5,6]; c9:bw=43,experts=[4,5,6,7]","3.2657,3.7150,10.7498,13.0070,5.7761,9.7254,17.2006,1.7713,14.9666,4.1831"
87,2026-09-21 18:15:59,Ours,0.01,0.5569074294413656,96.05101413644745,96.33912108174555,85,88.4967,1:28.50,84.6054,0.1817,3.708,7338.5495,2:02:18.55,10,"1,2,7,5,6,3,4,9,8,0",1:29;2:67;7:22;5:10;6:60;3:68;4:34;9:37;8:46;0:35,"1:[0,7];2:[0,1,2,3,6,7];7:[0,1];5:[2];6:[1,2,3,4,5,6];3:[0,1,2,5,6,7];4:[2,3,4];9:[0,1,2];8:[0,5,6,7];0:[0,6,7]","c1:bw=29,experts=[0,7]; c2:bw=67,experts=[0,1,2,3,6,7]; c7:bw=22,experts=[0,1]; c5:bw=10,experts=[2]; c6:bw=60,experts=[1,2,3,4,5,6]; c3:bw=68,experts=[0,1,2,5,6,7]; c4:bw=34,experts=[2,3,4]; c9:bw=37,experts=[0,1,2]; c8:bw=46,experts=[0,5,6,7]; c0:bw=35,experts=[0,6,7]","15.5382,10.6583,17.4610,3.2144,12.4825,1.7809,10.1410,4.3034,3.2356,5.7900"
88,2026-09-21 18:17:28,Ours,0.01,0.5561171931154567,95.60156730178242,96.33912108174555,85,88.3682,1:28.37,84.689,0.1802,3.4974,7426.963,2:03:46.96,10,"8,6,3,7,0,4,9,1,5,2",8:43;6:27;3:33;7:41;0:62;4:38;9:31;1:28;5:30;2:46,"8:[1,2,3,4];6:[0,7];3:[3,4,5];7:[2,3,4,5];0:[1,2,3,4,5,6];4:[5,6,7];9:[3,4,5];1:[1,2];5:[3,4,5];2:[4,5,6,7]","c8:bw=43,experts=[1,2,3,4]; c6:bw=27,experts=[0,7]; c3:bw=33,experts=[3,4,5]; c7:bw=41,experts=[2,3,4,5]; c0:bw=62,experts=[1,2,3,4,5,6]; c4:bw=38,experts=[5,6,7]; c9:bw=31,experts=[3,4,5]; c1:bw=28,experts=[1,2]; c5:bw=30,experts=[3,4,5]; c2:bw=46,experts=[4,5,6,7]","3.7676,12.9179,1.5526,17.0403,5.8389,10.0105,4.2995,14.9237,3.2081,11.1299"
89,2026-09-21 18:18:56,Ours,0.01,0.5544763870934447,96.14704978488015,96.33912108174555,85,88.1102,1:28.11,84.7067,0.1639,3.2382,7515.1166,2:05:15.12,10,"3,8,2,9,7,5,0,6,4,1",3:31;8:74;2:44;9:60;7:21;5:46;0:13;6:32;4:30;1:41,"3:[0,6,7];8:[0,1,2,3,5,6,7];2:[0,1,2,3];9:[0,1,2,3,6,7];7:[6,7];5:[0,1,6,7];0:[7];6:[1,2,3];4:[0,1,2];1:[3,4,5,6]","c3:bw=31,experts=[0,6,7]; c8:bw=74,experts=[0,1,2,3,5,6,7]; c2:bw=44,experts=[0,1,2,3]; c9:bw=60,experts=[0,1,2,3,6,7]; c7:bw=21,experts=[6,7]; c5:bw=46,experts=[0,1,6,7]; c0:bw=13,experts=[7]; c6:bw=32,experts=[1,2,3]; c4:bw=30,experts=[0,1,2]; c1:bw=41,experts=[3,4,5,6]","1.5994,3.7899,11.1884,4.3262,16.8119,3.2330,5.7858,12.3624,10.1971,15.4126"
90,2026-09-21 18:20:25,Ours,0.01,0.5558647486894791,95.76290719114935,96.33912108174555,85,88.9366,1:28.94,85.0862,0.1694,3.6794,7604.0929,2:06:44.09,10,"7,1,3,9,0,6,2,5,8,4",7:72;1:31;3:36;9:63;0:64;6:26;2:21;5:27;8:50;4:35,"7:[0,1,2,3,4,5,6];1:[0,1,7];3:[1,2,3];9:[0,1,4,5,6,7];0:[0,1,2,3,4,5];6:[4,5];2:[4,5];5:[2,3];8:[0,4,5,6,7];4:[3,4,5]","c7:bw=72,experts=[0,1,2,3,4,5,6]; c1:bw=31,experts=[0,1,7]; c3:bw=36,experts=[1,2,3]; c9:bw=63,experts=[0,1,4,5,6,7]; c0:bw=64,experts=[0,1,2,3,4,5]; c6:bw=26,experts=[4,5]; c2:bw=21,experts=[4,5]; c5:bw=27,experts=[2,3]; c8:bw=50,experts=[0,4,5,6,7]; c4:bw=35,experts=[3,4,5]","17.4537,15.3613,1.7812,4.1730,5.4524,13.0570,10.9988,2.8286,3.8137,10.1665"
91,2026-09-21 18:21:53,Ours,0.01,0.5563241718108577,96.19314689612784,96.33912108174555,85,88.187,1:28.19,84.2965,0.1757,3.7133,7692.3255,2:08:12.33,10,"1,9,5,7,3,4,0,6,2,8",1:50;9:35;5:52;7:51;3:40;4:54;0:22;6:29;2:11;8:23,"1:[2,3,4,5,6];9:[2,3,4];5:[0,4,5,6,7];7:[0,1,2,3,7];3:[4,5,6,7];4:[0,1,2,6,7];0:[6,7];6:[6,7];2:[6];8:[1,2]","c1:bw=50,experts=[2,3,4,5,6]; c9:bw=35,experts=[2,3,4]; c5:bw=52,experts=[0,4,5,6,7]; c7:bw=51,experts=[0,1,2,3,7]; c3:bw=40,experts=[4,5,6,7]; c4:bw=54,experts=[0,1,2,6,7]; c0:bw=22,experts=[6,7]; c6:bw=29,experts=[6,7]; c2:bw=11,experts=[6]; c8:bw=23,experts=[1,2]","14.8671,4.2947,3.2456,16.9752,1.7356,10.2419,5.7861,12.4148,11.0090,3.7266"
92,2026-09-21 18:23:22,Ours,0.01,0.5533764961202586,95.9818684695759,96.33912108174555,85,88.4804,1:28.48,84.5565,0.1769,3.7454,7780.851,2:09:40.85,10,"3,7,1,0,8,6,9,2,5,4",3:28;7:34;1:20;0:29;8:19;6:45;9:56;2:25;5:66;4:26,"3:[0,1];7:[4,5,6];1:[0,7];0:[0,1];8:[3];6:[0,1,2,3];9:[0,1,5,6,7];2:[0,7];5:[1,2,3,4,5,6];4:[3,4]","c3:bw=28,experts=[0,1]; c7:bw=34,experts=[4,5,6]; c1:bw=20,experts=[0,7]; c0:bw=29,experts=[0,1]; c8:bw=19,experts=[3]; c6:bw=45,experts=[0,1,2,3]; c9:bw=56,experts=[0,1,5,6,7]; c2:bw=25,experts=[0,7]; c5:bw=66,experts=[1,2,3,4,5,6]; c4:bw=26,experts=[3,4]","1.7708,17.2307,14.9923,5.8551,3.7432,12.5698,4.3474,11.1734,3.2499,9.6241"
93,2026-09-21 18:24:50,Ours,0.01,0.5542430460960526,96.1240012292563,96.33912108174555,85,88.4205,1:28.42,84.9234,0.1753,3.3203,7869.3155,2:11:09.32,10,"1,3,7,9,6,8,5,4,0,2",1:47;3:31;7:22;9:58;6:22;8:10;5:10;4:32;0:19;2:51,"1:[1,2,3,4];3:[2,3,4];7:[0,7];9:[2,3,4,5,6];6:[4,5];8:[4];5:[7];4:[5,6,7];0:[2];2:[1,2,3,4,5]","c1:bw=47,experts=[1,2,3,4]; c3:bw=31,experts=[2,3,4]; c7:bw=22,experts=[0,7]; c9:bw=58,experts=[2,3,4,5,6]; c6:bw=22,experts=[4,5]; c8:bw=10,experts=[4]; c5:bw=10,experts=[7]; c4:bw=32,experts=[5,6,7]; c0:bw=19,experts=[2]; c2:bw=51,experts=[1,2,3,4,5]","15.4458,1.5819,17.1780,4.3631,12.4510,3.8194,3.1913,10.0939,5.7318,11.0672"
94,2026-09-21 18:26:19,Ours,0.01,0.5552008351928552,95.5900430239705,96.33912108174555,85,88.6257,1:28.63,85.0064,0.1783,3.4396,7957.9807,2:12:37.98,10,"7,2,5,4,6,9,1,8,0,3",7:45;2:65;5:41;4:31;6:30;9:50;1:70;8:10;0:55;3:34,"7:[1,2,3,4];2:[0,1,2,3,6,7];5:[0,1,2,3];4:[0,1,2];6:[0,6,7];9:[0,1,2,3,7];1:[0,1,2,3,5,6,7];8:[5];0:[3,4,5,6,7];3:[5,6,7]","c7:bw=45,experts=[1,2,3,4]; c2:bw=65,experts=[0,1,2,3,6,7]; c5:bw=41,experts=[0,1,2,3]; c4:bw=31,experts=[0,1,2]; c6:bw=30,experts=[0,6,7]; c9:bw=50,experts=[0,1,2,3,7]; c1:bw=70,experts=[0,1,2,3,5,6,7]; c8:bw=10,experts=[5]; c0:bw=55,experts=[3,4,5,6,7]; c3:bw=34,experts=[5,6,7]","17.4994,10.7530,3.0598,10.3133,13.0218,3.8117,15.5335,3.6986,5.7780,1.5371"
95,2026-09-21 18:27:48,Ours,0.01,0.5524502054604904,96.20467117393977,96.33912108174555,85,89.1864,1:29.19,85.2349,0.1921,3.7577,8047.2154,2:14:07.22,10,"7,9,4,6,0,3,1,8,2,5",7:59;9:42;4:15;6:40;0:35;3:41;1:31;8:76;2:23;5:10,"7:[0,1,5,6,7];9:[4,5,6,7];4:[3];6:[1,2,3,4];0:[0,1,2];3:[0,1,2,3];1:[4,5,6];8:[0,1,2,3,4,6,7];2:[4,5];5:[4]","c7:bw=59,experts=[0,1,5,6,7]; c9:bw=42,experts=[4,5,6,7]; c4:bw=15,experts=[3]; c6:bw=40,experts=[1,2,3,4]; c0:bw=35,experts=[0,1,2]; c3:bw=41,experts=[0,1,2,3]; c1:bw=31,experts=[4,5,6]; c8:bw=76,experts=[0,1,2,3,4,6,7]; c2:bw=23,experts=[4,5]; c5:bw=10,experts=[4]","17.5720,4.3298,9.6814,13.0012,5.9159,1.7936,15.0589,3.5164,11.1285,3.2371"
96,2026-09-21 18:29:16,Ours,0.01,0.5521780811140452,96.05869698832207,96.33912108174555,85,88.3665,1:28.37,84.4822,0.2017,3.6812,8135.6278,2:15:35.63,10,"2,9,3,1,5,4,6,7,0,8",2:65;9:44;3:46;1:36;5:60;4:49;6:31;7:50;0:36;8:64,"2:[0,1,2,3,6,7];9:[0,1,2,3];3:[4,5,6,7];1:[0,1,7];5:[0,1,2,5,6,7];4:[4,5,6,7];6:[5,6,7];7:[2,3,4,5,6];0:[3,4,5];8:[0,1,2,5,6,7]","c2:bw=65,experts=[0,1,2,3,6,7]; c9:bw=44,experts=[0,1,2,3]; c3:bw=46,experts=[4,5,6,7]; c1:bw=36,experts=[0,1,7]; c5:bw=60,experts=[0,1,2,5,6,7]; c4:bw=49,experts=[4,5,6,7]; c6:bw=31,experts=[5,6,7]; c7:bw=50,experts=[2,3,4,5,6]; c0:bw=36,experts=[3,4,5]; c8:bw=64,experts=[0,1,2,5,6,7]","10.6303,4.3809,1.7793,15.4402,2.9998,9.9032,12.9911,16.8137,5.8370,3.7066"
97,2026-09-21 18:30:45,Ours,0.01,0.5538019023035582,96.35448678549477,96.35448678549477,97,88.5844,1:28.58,84.6363,0.2069,3.7396,8224.2602,2:17:04.26,10,"0,9,8,4,7,1,3,5,6,2",0:41;9:43;8:43;4:16;7:30;1:50;3:35;5:46;6:50;2:54,"0:[0,1,6,7];9:[4,5,6,7];8:[3,4,5,6];4:[0];7:[0,1,7];1:[2,3,4,5,6];3:[0,1,2];5:[3,4,5,6];6:[0,1,2,3,4];2:[0,4,5,6,7]","c0:bw=41,experts=[0,1,6,7]; c9:bw=43,experts=[4,5,6,7]; c8:bw=43,experts=[3,4,5,6]; c4:bw=16,experts=[0]; c7:bw=30,experts=[0,1,7]; c1:bw=50,experts=[2,3,4,5,6]; c3:bw=35,experts=[0,1,2]; c5:bw=46,experts=[3,4,5,6]; c6:bw=50,experts=[0,1,2,3,4]; c2:bw=54,experts=[0,4,5,6,7]","5.4497,4.2979,3.7975,10.0230,17.6097,15.0170,1.7950,3.2290,12.7414,10.6759"
98,2026-09-21 18:32:13,Ours,0.01,0.5525199605050025,95.47480024585126,96.35448678549477,97,88.293,1:28.29,84.5241,0.1744,3.593,8312.6017,2:18:32.60,10,"4,8,9,7,6,5,0,3,1,2",4:52;8:54;9:27;7:24;6:36;5:49;0:33;3:25;1:26;2:24,"4:[1,2,3,4,5];8:[0,1,2,3,7];9:[0,1];7:[2,3];6:[5,6,7];5:[0,1,2,7];0:[2,3,4];3:[3,4];1:[0,7];2:[1,2]","c4:bw=52,experts=[1,2,3,4,5]; c8:bw=54,experts=[0,1,2,3,7]; c9:bw=27,experts=[0,1]; c7:bw=24,experts=[2,3]; c6:bw=36,experts=[5,6,7]; c5:bw=49,experts=[0,1,2,7]; c0:bw=33,experts=[2,3,4]; c3:bw=25,experts=[3,4]; c1:bw=26,experts=[0,7]; c2:bw=24,experts=[1,2]","10.2222,3.6771,3.8995,17.5909,12.5145,3.2581,5.8112,1.7606,14.8966,10.8933"
99,2026-09-21 18:33:42,Ours,0.01,0.5510388552474585,95.92040565457899,96.35448678549477,97,88.7557,1:28.76,84.8804,0.1551,3.7188,8401.4049,2:20:01.40,10,"8,5,7,1,3,9,4,0,2,6",8:34;5:49;7:45;1:59;3:38;9:20;4:24;0:40;2:31;6:35,"8:[4,5,6];5:[3,4,5,6];7:[4,5,6,7];1:[1,2,3,4,5];3:[5,6,7];9:[2,3];4:[6,7];0:[0,5,6,7];2:[3,4,5];6:[0,1,2]","c8:bw=34,experts=[4,5,6]; c5:bw=49,experts=[3,4,5,6]; c7:bw=45,experts=[4,5,6,7]; c1:bw=59,experts=[1,2,3,4,5]; c3:bw=38,experts=[5,6,7]; c9:bw=20,experts=[2,3]; c4:bw=24,experts=[6,7]; c0:bw=40,experts=[0,5,6,7]; c2:bw=31,experts=[3,4,5]; c6:bw=35,experts=[0,1,2]","3.8088,3.2526,17.4514,15.1982,1.7920,4.3174,9.7424,5.7076,11.1065,12.5034"
100,2026-09-21 18:35:11,Ours,0.01,0.5519852615170519,96.26229256299939,96.35448678549477,97,88.9782,1:28.98,85.0313,0.1805,3.7648,8490.4344,2:21:30.43,10,"2,8,9,5,6,1,4,7,3,0",2:30;8:44;9:53;5:18;6:44;1:17;4:65;7:10;3:42;0:64,"2:[0,6,7];8:[0,1,2,7];9:[0,4,5,6,7];5:[7];6:[3,4,5,6];1:[6];4:[0,1,2,3,4,5];7:[0];3:[0,1,2,3];0:[1,2,3,4,5,6]","c2:bw=30,experts=[0,6,7]; c8:bw=44,experts=[0,1,2,7]; c9:bw=53,experts=[0,4,5,6,7]; c5:bw=18,experts=[7]; c6:bw=44,experts=[3,4,5,6]; c1:bw=17,experts=[6]; c4:bw=65,experts=[0,1,2,3,4,5]; c7:bw=10,experts=[0]; c3:bw=42,experts=[0,1,2,3]; c0:bw=64,experts=[1,2,3,4,5,6]","11.1767,3.7615,4.3872,3.1457,12.7711,15.3053,9.6142,17.2080,1.7913,5.8704"
